0.999936 0.0025685 -0.0109996 0.999936 -0.00258248 0.999996 -0.00125662 -0.00258248 0.0109963 0.00128494 0.999939 0.0109963 
0.999974 0.00200436 -0.00696943 0.999974 -0.00200482 0.999998 -5.92456e-05 -0.00200482 0.00696929 7.32165e-05 0.999976 0.00696929 
0.999994 0.00285193 -0.00206032 0.999994 -0.00284926 0.999995 0.00129722 -0.00284926 0.00206401 -0.00129135 0.999997 0.00206401 
0.999995 0.00176576 0.00280643 0.999995 -0.00177 0.999997 0.00150631 -0.00177 -0.00280376 -0.00151127 0.999995 -0.00280376 
0.999976 0.00250361 0.00652212 0.999976 -0.00251208 0.999996 0.00129026 -0.00251208 -0.00651887 -0.00130662 0.999978 -0.00651887 
0.999952 0.00154499 0.00971279 0.999952 -0.00155522 0.999998 0.00104649 -0.00155522 -0.00971116 -0.00106155 0.999952 -0.00971116 
0.999866 -0.000850024 0.016333 0.999866 0.000849862 1 1.68653e-05 0.000849862 -0.016333 -2.98224e-06 0.999867 -0.016333 
0.999779 -0.00467179 0.0204826 0.999779 0.004673 0.999989 -1.12772e-05 0.004673 -0.0204823 0.00010699 0.99979 -0.0204823 
0.999765 -0.00259961 0.021541 0.999765 0.00254355 0.999993 0.00262941 0.00254355 -0.0215477 -0.002574 0.999765 -0.0215477 
0.999788 -0.000297906 0.0205743 0.999788 0.00027921 1 0.000911561 0.00027921 -0.0205745 -0.000905624 0.999788 -0.0205745 
0.999771 0.0016041 0.0213214 0.999771 -0.00158938 0.999998 -0.000706969 -0.00158938 -0.0213225 0.00067292 0.999772 -0.0213225 
0.999771 0.00182251 0.0213057 0.999771 -0.00180737 0.999998 -0.000729782 -0.00180737 -0.021307 0.000691108 0.999773 -0.021307 
0.999867 -0.000739208 0.0162683 0.999867 0.000764973 0.999998 -0.00157762 0.000764973 -0.0162672 0.00158985 0.999866 -0.0162672 
0.999878 -0.00102608 0.015613 0.999878 0.00103707 0.999999 -0.000695596 0.00103707 -0.0156123 0.000711702 0.999878 -0.0156123 
0.999906 -0.000866401 0.0137156 0.999906 0.000863677 1 0.000204529 0.000863677 -0.0137157 -0.000192664 0.999906 -0.0137157 
0.999919 0.00289627 0.0124056 0.999919 -0.00290176 0.999996 0.000424365 -0.00290176 -0.0124043 -0.000460329 0.999923 -0.0124043 
0.999935 0.00355392 0.0108771 0.999935 -0.00358193 0.99999 0.00255688 -0.00358193 -0.0108679 -0.00259567 0.999938 -0.0108679 
0.999963 -0.00150938 0.00847802 0.999963 0.00149256 0.999997 0.00198976 0.00149256 -0.008481 -0.00197703 0.999962 -0.008481 
0.99997 -0.000475066 0.00770895 0.99997 0.00046176 0.999998 0.00172774 0.00046176 -0.00770976 -0.00172412 0.999969 -0.00770976 
0.999966 0.000343561 0.00817842 0.999966 -0.000367144 0.999996 0.00288227 -0.000367144 -0.00817739 -0.00288517 0.999962 -0.00817739 
0.99996 0.00302164 0.00840573 0.99996 -0.00303844 0.999993 0.00198686 -0.00303844 -0.00839967 -0.00201232 0.999963 -0.00839967 
0.999942 0.00667542 0.00844426 0.999942 -0.00668695 0.999977 0.00133845 -0.00668695 -0.00843513 -0.00139484 0.999963 -0.00843513 
0.999961 0.000375422 0.00885872 0.999961 -0.000394205 0.999998 0.00211862 -0.000394205 -0.0088579 -0.00212203 0.999959 -0.0088579 
0.99995 -0.00534837 0.00848808 0.99995 0.00531444 0.999978 0.00401439 0.00531444 -0.00850936 -0.00396907 0.999956 -0.00850936 
0.999944 -0.00518818 0.00922243 0.999944 0.00515655 0.999981 0.00344972 0.00515655 -0.00924015 -0.00340197 0.999952 -0.00924015 
0.999954 0.00143316 0.00950814 0.999954 -0.00145402 0.999997 0.00218784 -0.00145402 -0.00950497 -0.00220157 0.999952 -0.00950497 
0.999951 0.00229399 0.00967593 0.999951 -0.00232235 0.999993 0.00292148 -0.00232235 -0.00966916 -0.00294381 0.999949 -0.00966916 
0.999956 -0.000407379 0.00941523 0.999956 0.00037381 0.999994 0.00356683 0.00037381 -0.00941663 -0.00356315 0.999949 -0.00941663 
0.99996 -0.00210357 0.00872915 0.99996 0.00207274 0.999992 0.00354032 0.00207274 -0.00873652 -0.00352208 0.999956 -0.00873652 
0.999959 -0.000804286 0.00903213 0.999959 0.000761493 0.999988 0.00474035 0.000761493 -0.00903584 -0.00473328 0.999948 -0.00903584 
0.99998 -0.000126167 0.00629645 0.99998 7.97169e-05 0.999973 0.00737683 7.97169e-05 -0.00629721 -0.00737618 0.999953 -0.00629721 
0.999986 -0.00313356 0.00424544 0.999986 0.00309528 0.999955 0.00899375 0.00309528 -0.00427343 -0.00898048 0.999951 -0.00427343 
0.999988 -0.00270857 0.00403775 0.999988 0.00267431 0.999961 0.00846779 0.00267431 -0.00406053 -0.00845689 0.999956 -0.00406053 
0.999976 -0.00342735 0.0060409 0.999976 0.00337298 0.999954 0.00898787 0.00337298 -0.00607143 -0.00896727 0.999941 -0.00607143 
0.999988 -0.0032911 0.00376355 0.999988 0.00326579 0.999972 0.00671239 0.00326579 -0.00378553 -0.00670001 0.99997 -0.00378553 
0.999979 -0.00383897 0.0052705 0.999979 0.00380478 0.999972 0.00648125 0.00380478 -0.00529523 -0.00646106 0.999965 -0.00529523 
0.999982 -0.0032331 0.00507401 0.999982 0.00320437 0.999979 0.00566038 0.00320437 -0.0050922 -0.00564402 0.999971 -0.0050922 
0.999982 -0.00383179 0.00454308 0.999982 0.00380772 0.999979 0.0052952 0.00380772 -0.00456327 -0.00527781 0.999976 -0.00456327 
0.999978 -0.00451805 0.00492748 0.999978 0.00450127 0.999984 0.00341092 0.00450127 -0.00494281 -0.00338866 0.999982 -0.00494281 
0.999981 -0.00225921 0.00567111 0.999981 0.00224954 0.999996 0.00171225 0.00224954 -0.00567495 -0.00169946 0.999982 -0.00567495 
0.999981 5.74315e-05 0.00622454 0.999981 -5.16257e-05 1 -0.000932876 -5.16257e-05 -0.00622459 0.000932536 0.99998 -0.00622459 
0.999974 -0.000245366 0.00717095 0.999974 0.000254511 0.999999 -0.00127435 0.000254511 -0.00717063 0.00127614 0.999973 -0.00717063 
0.999966 0.00143818 0.00809355 0.999966 -0.00142258 0.999997 -0.0019326 -0.00142258 -0.0080963 0.00192102 0.999965 -0.0080963 
0.999965 -0.000980473 0.0083507 0.999965 0.00100285 0.999996 -0.00267643 0.00100285 -0.00834805 0.00268471 0.999962 -0.00834805 
0.999956 -3.33058e-05 0.00936363 0.999956 8.6138e-05 0.999984 -0.00564193 8.6138e-05 -0.00936329 0.00564249 0.99994 -0.00936329 
0.999953 -0.00264387 0.00930091 0.999953 0.00268849 0.999985 -0.00478877 0.00268849 -0.00928811 0.00481355 0.999945 -0.00928811 
0.999953 -0.0026418 0.00936105 0.999953 0.00267729 0.999989 -0.00378091 0.00267729 -0.00935096 0.00380579 0.999949 -0.00935096 
0.999953 -0.000869344 0.00965716 0.999953 0.000882457 0.999999 -0.00135364 0.000882457 -0.00965597 0.0013621 0.999952 -0.00965597 
0.999958 -0.000527623 0.00910904 0.999958 0.000532242 1 -0.000504604 0.000532242 -0.00910877 0.000509431 0.999958 -0.00910877 
0.99996 0.00129605 0.00887604 0.99996 -0.00128146 0.999998 -0.00164912 -0.00128146 -0.00887816 0.00163768 0.999959 -0.00887816 
0.999962 -0.000479603 0.00867 0.999962 0.000494355 0.999998 -0.00169938 0.000494355 -0.00866917 0.00170361 0.999961 -0.00866917 
0.99996 0.00225964 0.00864182 0.99996 -0.00224102 0.999995 -0.00216363 -0.00224102 -0.00864667 0.00214417 0.99996 -0.00864667 
0.999957 0.000656827 0.00919684 0.999957 -0.000624226 0.999994 -0.00354717 -0.000624226 -0.00919911 0.00354128 0.999951 -0.00919911 
0.999959 0.000736226 0.00903551 0.999959 -0.000691201 0.999987 -0.00498529 -0.000691201 -0.00903907 0.00497884 0.999947 -0.00903907 
0.99997 0.00037706 0.0077845 0.99997 -0.000344623 0.999991 -0.00416783 -0.000344623 -0.00778601 0.00416502 0.999961 -0.00778601 
0.999962 0.000113008 0.00868782 0.999962 -0.000101998 0.999999 -0.00126777 -0.000101998 -0.00868796 0.00126683 0.999961 -0.00868796 
0.999974 0.000584726 0.00723988 0.999974 -0.000578536 0.999999 -0.000857116 -0.000578536 -0.00724038 0.000852905 0.999973 -0.00724038 
0.999972 0.00193436 0.00720776 0.999972 -0.00192072 0.999996 -0.00189803 -0.00192072 -0.0072114 0.00188413 0.999972 -0.0072114 
0.99998 0.00151831 0.00611733 0.99998 -0.00151 0.999998 -0.00136177 -0.00151 -0.00611939 0.0013525 0.99998 -0.00611939 
0.999986 0.00067659 0.00521267 0.999986 -0.000676603 1 7.1014e-07 -0.000676603 -0.00521267 -4.23703e-06 0.999986 -0.00521267 
0.999991 7.3547e-05 0.00424839 0.999991 -7.58832e-05 1 0.000549731 -7.58832e-05 -0.00424835 -0.000550049 0.999991 -0.00424835 
0.999995 0.000145288 0.00330302 0.999995 -0.000146865 1 0.000477303 -0.000146865 -0.00330295 -0.000477786 0.999994 -0.00330295 
0.999999 0.000108512 0.00152232 0.999999 -0.000107146 1 -0.000896816 -0.000107146 -0.00152242 0.000896651 0.999998 -0.00152242 
1 0.000328059 0.000129088 1 -0.000327809 0.999998 -0.00193511 -0.000327809 -0.000129723 0.00193507 0.999998 -0.000129723 
0.999998 0.00181507 0.000273544 0.999998 -0.00181486 0.999998 -0.000774535 -0.00181486 -0.000274949 0.000774037 1 -0.000274949 
0.999998 0.00141438 0.00139294 0.999998 -0.00141546 0.999999 0.000775401 -0.00141546 -0.00139184 -0.000777371 0.999999 -0.00139184 
0.999991 0.00307142 0.00276992 0.999991 -0.00307231 0.999995 0.000315592 -0.00307231 -0.00276894 -0.0003241 0.999996 -0.00276894 
0.999992 0.00203319 0.00339226 0.999992 -0.00202673 0.999996 -0.0019076 -0.00202673 -0.00339613 0.00190071 0.999992 -0.00339613 
0.999989 0.000955982 0.00449234 0.999989 -0.000939979 0.999993 -0.00356303 -0.000939979 -0.00449572 0.00355877 0.999984 -0.00449572 
0.999979 0.00318378 0.00566053 0.999979 -0.0031601 0.999986 -0.00418731 -0.0031601 -0.00567379 0.00416934 0.999975 -0.00567379 
0.999973 0.00130582 0.00722036 0.999973 -0.00128998 0.999997 -0.00219808 -0.00128998 -0.00722321 0.00218871 0.999972 -0.00722321 
0.999947 0.00228927 0.0100021 0.999947 -0.0023147 0.999994 0.0025317 -0.0023147 -0.00999629 -0.00255472 0.999947 -0.00999629 
0.999922 0.0040722 0.0117973 0.999922 -0.00410701 0.999987 0.00292761 -0.00410701 -0.0117853 -0.00297584 0.999926 -0.0117853 
0.999949 0.000678271 0.0100459 0.999949 -0.000667412 0.999999 -0.00108416 -0.000667412 -0.0100467 0.0010774 0.999949 -0.0100467 
0.999951 -0.000801388 0.00982579 0.999951 0.00085121 0.999987 -0.00506743 0.00085121 -0.0098216 0.00507555 0.999939 -0.0098216 
0.999957 -0.00212714 0.0090216 0.999957 0.0021679 0.999987 -0.00451027 0.0021679 -0.0090119 0.00452963 0.999949 -0.0090119 
0.999976 -0.000993669 0.00681849 0.999976 0.000981201 0.999998 0.00183157 0.000981201 -0.0068203 -0.00182484 0.999975 -0.0068203 
0.999982 -8.83572e-05 0.00592094 0.999982 6.33054e-05 0.999991 0.0042311 6.33054e-05 -0.00592126 -0.00423065 0.999974 -0.00592126 
0.999983 -0.0020627 0.00545212 0.999983 0.00202238 0.999971 0.00738937 0.00202238 -0.0054672 -0.00737822 0.999958 -0.0054672 
0.999982 0.00217082 0.00561712 0.999982 -0.00217448 0.999997 0.000644879 -0.00217448 -0.0056157 -0.000657082 0.999984 -0.0056157 
0.999976 0.00273161 0.00628927 0.999976 -0.00270673 0.999988 -0.00396231 -0.00270673 -0.00630002 0.00394519 0.999972 -0.00630002 
0.999982 0.0015056 0.00584115 0.999982 -0.00147651 0.999987 -0.00498051 -0.00147651 -0.00584856 0.0049718 0.999971 -0.00584856 
0.999987 0.000684859 0.00509088 0.999987 -0.000667917 0.999994 -0.0033289 -0.000667917 -0.00509313 0.00332545 0.999982 -0.00509313 
0.999989 0.000327431 0.0047093 0.999989 -0.000326466 1 -0.000205632 -0.000326466 -0.00470937 0.000204092 0.999989 -0.00470937 
0.999976 0.00103521 0.00682999 0.999976 -0.00104605 0.999998 0.00158325 -0.00104605 -0.00682834 -0.00159035 0.999975 -0.00682834 
0.999976 0.000926426 0.00692211 0.999976 -0.000948957 0.999994 0.00325223 -0.000948957 -0.00691905 -0.00325872 0.999971 -0.00691905 
0.999975 -0.000207312 0.00699997 0.999975 0.000202023 1 0.000756162 0.000202023 -0.00700013 -0.000754729 0.999975 -0.00700013 
0.99997 0.00158451 0.00755974 0.99997 -0.00157789 0.999998 -0.000880617 -0.00157789 -0.00756112 0.000868662 0.999971 -0.00756112 
0.999963 0.000701749 0.00856273 0.999963 -0.000696286 1 -0.000640864 -0.000696286 -0.00856318 0.000634878 0.999963 -0.00856318 
0.999961 0.000618319 0.00877125 0.999961 -0.000629432 0.999999 0.00126432 -0.000629432 -0.00877046 -0.00126979 0.999961 -0.00877046 
0.99997 0.00167543 0.00762439 0.99997 -0.00167972 0.999998 0.000556724 -0.00167972 -0.00762344 -0.000569514 0.999971 -0.00762344 
0.999962 0.000410994 0.00870985 0.999962 -0.000422164 0.999999 0.00128066 -0.000422164 -0.00870932 -0.00128429 0.999961 -0.00870932 
0.999974 0.000463783 0.00713559 0.999974 -0.00047098 0.999999 0.00100688 -0.00047098 -0.00713512 -0.00101021 0.999974 -0.00713512 
0.99996 0.00142901 0.00880589 0.99996 -0.00143765 0.999998 0.000974901 -0.00143765 -0.00880448 -0.000987522 0.999961 -0.00880448 
0.999953 0.00322757 0.00911138 0.999953 -0.00322679 0.999995 -9.98488e-05 -0.00322679 -0.00911165 7.04436e-05 0.999958 -0.00911165 
0.999959 0.0020695 0.00885237 0.999959 -0.0020563 0.999997 -0.00150085 -0.0020563 -0.00885544 0.00148259 0.99996 -0.00885544 
0.999953 0.000195318 0.00974228 0.999953 -0.000189658 1 -0.000581924 -0.000189658 -0.00974239 0.000580048 0.999952 -0.00974239 
0.999954 0.00160471 0.00943195 0.999954 -0.00161406 0.999998 0.000983921 -0.00161406 -0.00943035 -0.000999099 0.999955 -0.00943035 
0.999955 0.0010595 0.00947392 0.999955 -0.00107923 0.999997 0.00207799 -0.00107923 -0.00947169 -0.00208812 0.999953 -0.00947169 
0.999972 0.000604655 0.0074389 0.999972 -0.000606221 1 0.00020818 -0.000606221 -0.00743877 -0.000212683 0.999972 -0.00743877 
0.999972 -0.000535688 0.00747884 0.999972 0.000541975 1 -0.000838699 0.000541975 -0.00747839 0.000842729 0.999972 -0.00747839 
0.999971 0.000519687 0.00762693 0.999971 -0.000521258 1 0.000204092 -0.000521258 -0.00762682 -0.000208061 0.999971 -0.00762682 
0.999971 -0.000255369 0.0076191 0.999971 0.000241989 0.999998 0.00175697 0.000241989 -0.00761954 -0.00175507 0.999969 -0.00761954 
0.999978 -0.00138246 0.00652912 0.999978 0.00136674 0.999996 0.00241116 0.00136674 -0.00653243 -0.00240218 0.999976 -0.00653243 
0.999977 -0.00010842 0.00678902 0.999977 8.6997e-05 0.999995 0.00315577 8.6997e-05 -0.00678933 -0.0031551 0.999972 -0.00678933 
0.999969 -0.000281804 0.00789339 0.999969 0.00026928 0.999999 0.00158755 0.00026928 -0.00789382 -0.00158538 0.999968 -0.00789382 
0.999977 0.000920062 0.00664521 0.999977 -0.00091267 0.999999 -0.00111538 -0.00091267 -0.00664622 0.00110929 0.999977 -0.00664622 
0.999977 0.000953366 0.00674899 0.999977 -0.000946964 0.999999 -0.0009516 -0.000946964 -0.0067499 0.000945187 0.999977 -0.0067499 
0.999972 0.00214726 0.00719408 0.999972 -0.00214964 0.999998 0.000322799 -0.00214964 -0.00719337 -0.000338254 0.999974 -0.00719337 
0.999981 0.00151638 0.0059709 0.999981 -0.0015188 0.999999 0.000402035 -0.0015188 -0.00597028 -0.000411096 0.999982 -0.00597028 
0.999984 0.00123035 0.00556205 0.999984 -0.00122915 0.999999 -0.000219127 -0.00122915 -0.00556232 0.000212287 0.999985 -0.00556232 
0.999982 0.00163721 0.00571342 0.999982 -0.00163975 0.999999 0.000440365 -0.00163975 -0.00571269 -0.000449725 0.999984 -0.00571269 
0.999981 0.00267956 0.00546824 0.999981 -0.0026871 0.999995 0.00137113 -0.0026871 -0.00546454 -0.00138579 0.999984 -0.00546454 
0.999965 0.0028424 0.00785463 0.999965 -0.00287441 0.999988 0.00406763 -0.00287441 -0.00784297 -0.00409006 0.999961 -0.00784297 
0.999972 0.00472238 0.00587735 0.999972 -0.00473047 0.999988 0.0013623 -0.00473047 -0.00587084 -0.00139006 0.999982 -0.00587084 
0.999967 0.00605819 0.00536963 0.999967 -0.00605385 0.999981 -0.000824414 -0.00605385 -0.00537452 0.00079188 0.999985 -0.00537452 
0.999931 0.00758682 0.00900723 0.999931 -0.00761418 0.999966 0.00300649 -0.00761418 -0.00898412 -0.00307487 0.999955 -0.00898412 
0.999929 0.00353414 0.0113808 0.999929 -0.00351397 0.999992 -0.00179258 -0.00351397 -0.0113871 0.00175246 0.999934 -0.0113871 
0.999947 0.000116815 0.0103136 0.999947 -8.69192e-05 0.999996 -0.0028991 -8.69192e-05 -0.0103139 0.00289805 0.999943 -0.0103139 
0.999952 -0.000542643 0.00976631 0.999952 0.000549115 1 -0.000659998 0.000549115 -0.00976595 0.00066533 0.999952 -0.00976595 
0.99993 -0.000458926 0.0117823 0.99993 0.000441016 0.999999 0.00152262 0.000441016 -0.011783 -0.00151732 0.999929 -0.011783 
0.999909 0.000536702 0.0134432 0.999909 -0.000564394 0.999998 0.00205619 -0.000564394 -0.0134421 -0.00206359 0.999908 -0.0134421 
0.999929 0.00256145 0.0116594 0.999929 -0.00257614 0.999996 0.00124474 -0.00257614 -0.0116562 -0.00127469 0.999931 -0.0116562 
0.999928 0.00291166 0.011655 0.999928 -0.00289403 0.999995 -0.00152889 -0.00289403 -0.0116594 0.00149504 0.999931 -0.0116594 
0.999902 0.000977304 0.0139658 0.999902 -0.000967553 0.999999 -0.000704945 -0.000967553 -0.0139665 0.000691363 0.999902 -0.0139665 
0.999947 0.00042391 0.0102456 0.999947 -0.000423435 1 -4.85617e-05 -0.000423435 -0.0102456 4.42208e-05 0.999948 -0.0102456 
0.999947 -0.000191696 0.0102461 0.999947 0.000185593 1 0.000596564 0.000185593 -0.0102463 -0.000594631 0.999947 -0.0102463 
0.999945 -0.000346006 0.0104411 0.999945 0.000338495 1 0.000721148 0.000338495 -0.0104414 -0.000717575 0.999945 -0.0104414 
0.999932 -0.000597785 0.0116166 0.999932 0.000580419 0.999999 0.00149826 0.000580419 -0.0116175 -0.00149142 0.999931 -0.0116175 
0.999942 -6.55249e-05 0.010762 0.999942 7.4384e-05 1 -0.000822787 7.4384e-05 -0.0107619 0.00082354 0.999942 -0.0107619 
0.999948 -0.000567821 0.0101534 0.999948 0.000594079 0.999996 -0.00258332 0.000594079 -0.0101519 0.00258922 0.999945 -0.0101519 
0.999967 0.0010612 0.00810035 0.999967 -0.00103822 0.999995 -0.00284082 -0.00103822 -0.00810333 0.00283232 0.999963 -0.00810333 
0.99996 0.00102829 0.00888438 0.99996 -0.00102293 0.999999 -0.000606964 -0.00102293 -0.00888499 0.000597851 0.99996 -0.00888499 
0.999962 0.000770091 0.00871166 0.999962 -0.000786595 0.999998 0.00189114 -0.000786595 -0.00871018 -0.00189792 0.99996 -0.00871018 
0.999973 0.00315385 0.00658468 0.999973 -0.00316833 0.999993 0.00219065 -0.00316833 -0.00657772 -0.00221146 0.999976 -0.00657772 
0.999972 0.00198673 0.00715553 0.999972 -0.0020063 0.999994 0.00272879 -0.0020063 -0.00715007 -0.00274307 0.999971 -0.00715007 
0.999977 0.00272571 0.00626664 0.999977 -0.00274344 0.999992 0.00282282 -0.00274344 -0.0062589 -0.00283995 0.999976 -0.0062589 
0.99998 0.00340861 0.00528942 0.99998 -0.00340603 0.999994 -0.00049706 -0.00340603 -0.00529108 0.000479034 0.999986 -0.00529108 
0.999983 0.00411877 0.00407659 0.999983 -0.00410861 0.999988 -0.0024973 -0.00410861 -0.00408683 0.00248051 0.999989 -0.00408683 
0.999992 0.00345077 0.00221378 0.999992 -0.00344262 0.999987 -0.0036732 -0.00344262 -0.00222643 0.00366555 0.999991 -0.00222643 
0.999992 0.00347811 0.00215121 0.999992 -0.003476 0.999993 -0.000987588 -0.003476 -0.00215463 0.000980102 0.999997 -0.00215463 
0.999986 0.00412668 0.00330717 0.999986 -0.00412463 0.999991 -0.000626115 -0.00412463 -0.00330972 0.000612466 0.999994 -0.00330972 
0.999998 0.00178464 0.000780778 0.999998 -0.00178321 0.999997 -0.00182496 -0.00178321 -0.000784032 0.00182356 0.999998 -0.000784032 
0.999998 0.000969291 0.00197226 0.999998 -0.000965757 0.999998 -0.00179205 -0.000965757 -0.001974 0.00179014 0.999996 -0.001974 
0.999997 0.00159653 0.00164662 0.999997 -0.0015954 0.999998 -0.00069152 -0.0015954 -0.00164772 0.000688891 0.999998 -0.00164772 
0.999993 0.00303346 0.00228087 0.999993 -0.00303287 0.999995 -0.000261904 -0.00303287 -0.00228166 0.000254985 0.999997 -0.00228166 
0.999997 0.00258709 0.000274299 0.999997 -0.00258649 0.999994 -0.00215643 -0.00258649 -0.000279876 0.00215571 0.999998 -0.000279876 
0.999989 0.00414776 0.0022026 0.999989 -0.00414552 0.999991 -0.00102166 -0.00414552 -0.00220682 0.00101251 0.999997 -0.00220682 
1 0.000886002 5.10039e-05 1 -0.000885949 0.999999 -0.00103107 -0.000885949 -5.19174e-05 0.00103102 0.999999 -5.19174e-05 
1 5.46507e-05 0.000320235 1 -5.46622e-05 1 3.56549e-05 -5.46622e-05 -0.000320233 -3.56724e-05 1 -0.000320233 
0.999996 -0.000755775 0.00286931 0.999996 0.000754786 1 0.000345749 0.000754786 -0.00286957 -0.000343582 0.999996 -0.00286957 
0.999997 0.00228906 -0.000867458 0.999997 -0.00228815 0.999997 0.00104116 -0.00228815 0.000869839 -0.00103917 0.999999 0.000869839 
0.999996 -0.00203426 -0.00199789 0.999996 0.00203519 0.999998 0.000467321 0.00203519 0.00199693 -0.000471385 0.999998 0.00199693 
0.999987 -0.00230368 -0.00455502 0.999987 0.00230502 0.999997 0.000289047 0.00230502 0.00455434 -0.000299542 0.99999 0.00455434 
0.999991 -0.00218287 -0.00371092 0.999991 0.00219045 0.999996 0.00204129 0.00219045 0.00370644 -0.0020494 0.999991 0.00370644 
0.999974 0.000344105 -0.00718358 0.999974 -0.000338066 1 0.000841848 -0.000338066 0.00718386 -0.000839398 0.999974 0.00718386 
0.99998 0.000577181 -0.00627633 0.99998 -0.000570713 0.999999 0.00103221 -0.000570713 0.00627692 -0.00102861 0.99998 0.00627692 
0.999954 -0.00109926 -0.00957059 0.999954 0.00109714 0.999999 -0.000226901 0.00109714 0.00957083 0.00021639 0.999954 0.00957083 
0.99995 -0.00215356 -0.00977936 0.99995 0.00215136 0.999998 -0.000236002 0.00215136 0.00977984 0.000214951 0.999952 0.00977984 
0.999946 -0.00292563 -0.0100219 0.999946 0.00293228 0.999995 0.000649174 0.00293228 0.0100199 -0.000678526 0.99995 0.0100199 
0.9999 -0.000181564 -0.0141201 0.9999 0.000204809 0.999999 0.00164479 0.000204809 0.0141198 -0.00164751 0.999899 0.0141198 
0.999952 -0.00300222 -0.00937847 0.999952 0.00302926 0.999991 0.00286997 0.00302926 0.00936978 -0.00289824 0.999952 0.00936978 
0.999887 -0.0038808 -0.0144902 0.999887 0.00388171 0.999992 3.44402e-05 0.00388171 0.01449 -9.06832e-05 0.999895 0.01449 
0.999885 -0.00467248 -0.0144479 0.999885 0.00467111 0.999989 -0.000128704 0.00467111 0.0144483 6.12014e-05 0.999896 0.0144483 
0.999882 -0.00183387 -0.0152756 0.999882 0.00181469 0.999998 -0.00126936 0.00181469 0.0152779 0.00124149 0.999883 0.0152779 
0.999841 -0.00116736 -0.017813 0.999841 0.00114045 0.999998 -0.0015209 0.00114045 0.0178147 0.00150034 0.99984 0.0178147 
0.999907 0.000464925 -0.0136295 0.999907 -0.00046123 1 0.000274269 -0.00046123 0.0136296 -0.000267958 0.999907 0.0136296 
0.999931 -4.53453e-05 -0.0117226 0.999931 5.09846e-05 1 0.000480766 5.09846e-05 0.0117226 -0.000481331 0.999931 0.0117226 
0.999908 -0.000626731 -0.0135279 0.999908 0.000651518 0.999998 0.00182796 0.000651518 0.0135267 -0.00183661 0.999907 0.0135267 
0.999879 0.000714472 -0.0155469 0.999879 -0.000702732 0.999999 0.000760613 -0.000702732 0.0155474 -0.000749595 0.999879 0.0155474 
0.999936 -0.00118474 -0.0112429 0.999936 0.00118055 0.999999 -0.000379231 0.00118055 0.0112433 0.000365934 0.999937 0.0112433 
0.999911 -0.00243346 -0.0131237 0.999911 0.00240741 0.999995 -0.00199977 0.00240741 0.0131285 0.001968 0.999912 0.0131285 
0.999918 -0.000574191 -0.012765 0.999918 0.000530453 0.999994 -0.0034295 0.000530453 0.0127669 0.00342245 0.999913 0.0127669 
0.999917 -0.00223309 -0.0126925 0.999917 0.00222082 0.999997 -0.000980859 0.00222082 0.0126946 0.00095259 0.999919 0.0126946 
0.999918 -0.00290353 -0.0124676 0.999918 0.00291635 0.999995 0.00101046 0.00291635 0.0124646 -0.00104674 0.999922 0.0124646 
0.999933 -0.00185376 -0.0114036 0.999933 0.00187361 0.999997 0.00173031 0.00187361 0.0114003 -0.00175156 0.999933 0.0114003 
0.999922 -0.000931371 -0.0124166 0.999922 0.000926991 1 -0.000358459 0.000926991 0.0124169 0.000346921 0.999923 0.0124169 
0.999925 -0.00204593 -0.0120676 0.999925 0.00201613 0.999995 -0.00248099 0.00201613 0.0120727 0.00245648 0.999924 0.0120727 
0.999931 -0.000464598 -0.0117237 0.999931 0.000439794 0.999998 -0.0021182 0.000439794 0.0117247 0.0021129 0.999929 0.0117247 
0.999931 -0.000144452 -0.0117069 0.999931 0.000136339 1 -0.000693835 0.000136339 0.011707 0.000692191 0.999931 0.011707 
0.999945 -0.00179138 -0.0103082 0.999945 0.00179466 0.999998 0.000308439 0.00179466 0.0103076 -0.000326922 0.999947 0.0103076 
0.999944 -0.000962177 -0.0105094 0.999944 0.000959015 0.999999 -0.000305918 0.000959015 0.0105097 0.000295823 0.999945 0.0105097 
0.999947 -0.0010473 -0.0101947 0.999947 0.00102012 0.999996 -0.00267063 0.00102012 0.0101974 0.00266009 0.999944 0.0101974 
0.999946 -0.00171502 -0.0102955 0.999946 0.00168721 0.999995 -0.00270923 0.00168721 0.0103001 0.00269171 0.999943 0.0103001 
0.999954 -0.000612406 -0.00958784 0.999954 0.000605723 1 -0.00069994 0.000605723 0.00958826 0.0006941 0.999954 0.00958826 
0.99994 -0.001282 -0.0108577 0.99994 0.00127746 0.999999 -0.00042568 0.00127746 0.0108583 0.000411785 0.999941 0.0108583 
0.999925 -0.00288185 -0.011863 0.999925 0.00286861 0.999995 -0.00113307 0.00286861 0.0118662 0.00109896 0.999929 0.0118662 
0.9999 -0.00192791 -0.0140383 0.9999 0.00188279 0.999993 -0.00322668 0.00188279 0.0140444 0.00319993 0.999896 0.0140444 
0.999907 -0.00211029 -0.0134601 0.999907 0.00206673 0.999993 -0.00324965 0.00206673 0.0134668 0.00322153 0.999904 0.0134668 
0.999898 -0.00168586 -0.014204 0.999898 0.00167638 0.999998 -0.000679387 0.00167638 0.0142051 0.000655506 0.999899 0.0142051 
0.999876 -0.00210708 -0.0155819 0.999876 0.0021204 0.999997 0.000838296 0.0021204 0.0155801 -0.000871232 0.999878 0.0155801 
0.999872 -0.000743604 -0.0159793 0.999872 0.00077246 0.999998 0.00179977 0.00077246 0.0159779 -0.00181189 0.999871 0.0159779 
0.999876 -0.00128082 -0.0157205 0.999876 0.00127145 0.999999 -0.000606316 0.00127145 0.0157213 0.000586253 0.999876 0.0157213 
0.999865 -0.00100241 -0.0164032 0.999865 0.000976231 0.999998 -0.00160413 0.000976231 0.0164048 0.0015879 0.999864 0.0164048 
0.999816 -0.00106545 -0.0191631 0.999816 0.00100777 0.999995 -0.00301961 0.00100777 0.0191662 0.00299974 0.999812 0.0191662 
0.999847 -0.000268438 -0.0174989 0.999847 0.000223744 0.999997 -0.00255604 0.000223744 0.0174996 0.00255173 0.999844 0.0174996 
0.999833 -0.00067828 -0.0182627 0.999833 0.000622896 0.999995 -0.00303818 0.000622896 0.0182647 0.00302629 0.999829 0.0182647 
0.999874 6.87817e-05 -0.0158446 0.999874 -9.95906e-05 0.999998 -0.00194367 -9.95906e-05 0.0158444 0.001945 0.999873 0.0158444 
0.999903 0.00110155 -0.013866 0.999903 -0.00112213 0.999998 -0.00147667 -0.00112213 0.0138644 0.00149209 0.999903 0.0138644 
0.99991 -0.000390431 -0.0133898 0.99991 0.00038441 1 -0.000452208 0.00038441 0.01339 0.00044702 0.99991 0.01339 
0.999922 -0.00098669 -0.0124788 0.999922 0.000989413 0.999999 0.000211975 0.000989413 0.0124786 -0.000224305 0.999922 0.0124786 
0.9999 -0.00184746 -0.0140218 0.9999 0.00183627 0.999998 -0.00081094 0.00183627 0.0140233 0.000785111 0.999901 0.0140233 
0.999926 -0.00115346 -0.0121397 0.999926 0.00114751 0.999999 -0.000497342 0.00114751 0.0121403 0.000483374 0.999926 0.0121403 
0.999869 5.71088e-05 -0.0161729 0.999869 -5.68686e-05 1 1.53146e-05 -5.68686e-05 0.0161729 -1.43929e-05 0.999869 0.0161729 
0.999924 0.000403325 -0.0123511 0.999924 -0.000390731 0.999999 0.00102208 -0.000390731 0.0123515 -0.00101717 0.999923 0.0123515 
0.999972 0.000270055 -0.00746943 0.999972 -0.000263287 1 0.000907132 -0.000263287 0.00746968 -0.00090514 0.999972 0.00746968 
0.999971 -0.000694796 -0.00761943 0.999971 0.000688921 0.999999 -0.000773728 0.000688921 0.00761996 0.000768456 0.999971 0.00761996 
0.999986 5.20907e-05 -0.0052778 0.999986 -7.05074e-05 0.999994 -0.00348933 -7.05074e-05 0.00527759 0.00348966 0.99998 0.00527759 
0.999979 -0.00282603 -0.00586825 0.999979 0.00279957 0.999986 -0.00451219 0.00279957 0.00588092 0.00449567 0.999973 0.00588092 
0.999944 -0.00199606 -0.0103821 0.999944 0.00196273 0.999993 -0.00321954 0.00196273 0.0103884 0.00319899 0.999941 0.0103884 
0.999971 -0.00155081 -0.00742078 0.999971 0.00153633 0.999997 -0.00195712 0.00153633 0.00742379 0.00194566 0.999971 0.00742379 
0.999971 -0.000720205 -0.0076328 0.999971 0.000702764 0.999997 -0.00228744 0.000702764 0.00763443 0.002282 0.999968 0.00763443 
0.999978 -0.00015247 -0.00657641 0.999978 0.000132515 0.999995 -0.00303471 0.000132515 0.00657685 0.00303377 0.999974 0.00657685 
0.999971 0.00047452 -0.00754149 0.999971 -0.000490527 0.999998 -0.00212087 -0.000490527 0.00754046 0.00212451 0.999969 0.00754046 
0.999963 0.000366126 -0.00853735 0.999963 -0.000375462 0.999999 -0.00109201 -0.000375462 0.00853695 0.00109518 0.999963 0.00853695 
0.999964 0.00122616 -0.00841809 0.999964 -0.00122379 0.999999 0.000287383 -0.00122379 0.00841843 -0.000277071 0.999965 0.00841843 
0.999947 0.00254664 -0.00998634 0.999947 -0.00253822 0.999996 0.000855882 -0.00253822 0.00998848 -0.000830489 0.99995 0.00998848 
0.999936 0.00121418 -0.0112758 0.999936 -0.00120061 0.999999 0.00120989 -0.00120061 0.0112773 -0.00119627 0.999936 0.0112773 
0.999927 -0.000131223 -0.0120979 0.999927 0.000158241 0.999997 0.00223234 0.000158241 0.0120976 -0.00223409 0.999924 0.0120976 
0.999919 -0.00235721 -0.0125343 0.999919 0.00236468 0.999997 0.0005811 0.00236468 0.0125329 -0.000610692 0.999921 0.0125329 
0.999843 -0.00287526 -0.0174742 0.999843 0.00286073 0.999996 -0.000856421 0.00286073 0.0174766 0.000806297 0.999847 0.0174766 
0.999783 -0.00286217 -0.0206132 0.999783 0.00280559 0.999992 -0.00277314 0.00280559 0.020621 0.00271471 0.999784 0.020621 
0.999756 -0.00279635 -0.0219323 0.999756 0.00275569 0.999994 -0.00188388 0.00275569 0.0219374 0.00182298 0.999758 0.0219374 
0.999766 -0.00162314 -0.0215609 0.999766 0.00159894 0.999998 -0.00113945 0.00159894 0.0215627 0.00110471 0.999767 0.0215627 
0.999752 -0.00116081 -0.0222315 0.999752 0.00112375 0.999998 -0.00167959 0.00112375 0.0222334 0.00165419 0.999751 0.0222334 
0.999754 -9.08645e-05 -0.0221731 0.999754 2.75322e-05 0.999996 -0.00285656 2.75322e-05 0.0221733 0.00285524 0.99975 0.0221733 
0.999738 -0.00159514 -0.0228155 0.999738 0.00151397 0.999992 -0.00357454 0.00151397 0.022821 0.00353906 0.999733 0.022821 
0.999723 -0.00110202 -0.0235164 0.999723 0.00100889 0.999992 -0.0039719 0.00100889 0.0235206 0.00394707 0.999716 0.0235206 
0.999757 -0.0016322 -0.0219847 0.999757 0.00155343 0.999992 -0.00359963 0.00155343 0.0219904 0.00356461 0.999752 0.0219904 
0.999779 -0.000875642 -0.0209937 0.999779 0.000867407 1 -0.000401361 0.000867407 0.020994 0.000383062 0.99978 0.020994 
0.999753 0.000476994 -0.0222297 0.999753 -0.000438039 0.999998 0.00175724 -0.000438039 0.0222305 -0.00174706 0.999751 0.0222305 
0.999767 -0.000116 -0.0215803 0.999767 0.00013168 1 0.000725184 0.00013168 0.0215802 -0.000727856 0.999767 0.0215802 
0.999789 0.00175023 -0.0204829 0.999789 -0.00179236 0.999996 -0.00203868 -0.00179236 0.0204792 0.00207497 0.999788 0.0204792 
0.999812 -0.000229129 -0.0193975 0.999812 0.000188596 0.999998 -0.00209141 0.000188596 0.0193979 0.00208735 0.99981 0.0193979 
0.999789 -0.000408956 -0.0205183 0.999789 0.000384124 0.999999 -0.00121414 0.000384124 0.0205188 0.001206 0.999789 0.0205188 
0.999807 -0.00126851 -0.0195929 0.999807 0.00125133 0.999999 -0.000888843 0.00125133 0.019594 0.000864155 0.999808 0.019594 
0.999801 -8.40381e-06 -0.0199461 0.999801 -7.43047e-06 1 -0.00079378 -7.43047e-06 0.0199461 0.000793771 0.999801 0.0199461 
0.999777 -0.00244291 -0.0209814 0.999777 0.00244936 0.999997 0.000281472 0.00244936 0.0209806 -0.0003328 0.99978 0.0209806 
0.999794 -0.000987612 -0.0202615 0.999794 0.00100335 0.999999 0.00076662 0.00100335 0.0202607 -0.000786791 0.999794 0.0202607 
0.999822 -0.000375344 -0.0188874 0.999822 0.000414681 0.999998 0.00207885 0.000414681 0.0188866 -0.00208631 0.999819 0.0188866 
0.999833 -0.00170262 -0.0182208 0.999833 0.00174668 0.999996 0.00240203 0.00174668 0.0182166 -0.00243345 0.999831 0.0182166 
0.999813 -0.000908322 -0.0193187 0.999813 0.000929492 0.999999 0.00108689 0.000929492 0.0193177 -0.00110464 0.999813 0.0193177 
0.999814 -2.32544e-05 -0.0193122 0.999814 7.21165e-05 0.999997 0.00252942 7.21165e-05 0.0193121 -0.00253035 0.99981 0.0193121 
0.999829 -0.000481284 -0.0184846 0.999829 0.000568543 0.999989 0.00471569 0.000568543 0.0184821 -0.00472539 0.999818 0.0184821 
0.999835 -0.00104319 -0.0181521 0.999835 0.00115552 0.99998 0.00617901 0.00115552 0.0181453 -0.00619897 0.999816 0.0181453 
0.999836 -0.00103782 -0.0180958 0.999836 0.00111656 0.99999 0.00434211 0.00111656 0.0180911 -0.0043616 0.999827 0.0180911 
0.999826 -0.00218996 -0.0185338 0.999826 0.00225127 0.999992 0.00328771 0.00225127 0.0185265 -0.00332886 0.999823 0.0185265 
0.999851 -0.001876 -0.0171701 0.999851 0.00192866 0.999993 0.00305075 0.00192866 0.0171642 -0.00308341 0.999848 0.0171642 
0.999838 0.000417088 -0.0179879 0.999838 -0.000433388 0.999999 -0.000902259 -0.000433388 0.0179875 0.000909908 0.999838 0.0179875 
0.999832 0.000603092 -0.0183049 0.999832 -0.000598648 1 0.000248218 -0.000598648 0.0183051 -0.000237219 0.999832 0.0183051 
0.99986 0.00133425 -0.016697 0.99986 -0.00126077 0.999989 0.00441067 -0.00126077 0.0167027 -0.004389 0.999851 0.0167027 
0.99984 -0.000256432 -0.0178757 0.99984 0.000324841 0.999993 0.00382417 0.000324841 0.0178746 -0.00382936 0.999833 0.0178746 
0.99985 -0.00262994 -0.0171138 0.99985 0.00262291 0.999996 -0.000433157 0.00262291 0.0171149 0.000388204 0.999853 0.0171149 
0.999837 -0.0019455 -0.0179365 0.999837 0.00194206 0.999998 -0.000209221 0.00194206 0.0179369 0.000174353 0.999839 0.0179369 
0.999825 -0.00286758 -0.0185123 0.999825 0.00290487 0.999994 0.00198746 0.00290487 0.0185065 -0.00204089 0.999827 0.0185065 
0.999799 0.00126768 -0.0199922 0.999799 -0.0012051 0.999994 0.00314193 -0.0012051 0.019996 -0.00311721 0.999795 0.019996 
0.999874 0.000756808 -0.0158324 0.999874 -0.000716983 0.999997 0.00252096 -0.000716983 0.0158343 -0.00250929 0.999871 0.0158343 
0.999809 0.000962761 -0.0195116 0.999809 -0.000874455 0.999989 0.00453388 -0.000874455 0.0195157 -0.00451595 0.999799 0.0195157 
0.999791 -0.000766657 -0.0204201 0.999791 0.000878667 0.999985 0.00547685 0.000878667 0.0204156 -0.00549365 0.999776 0.0204156 
0.999744 -0.00216224 -0.0225249 0.999744 0.00222153 0.999994 0.00260739 0.00222153 0.0225191 -0.00265676 0.999743 0.0225191 
0.999609 -0.00317577 -0.0277699 0.999609 0.00318109 0.999995 0.000147196 0.00318109 0.0277693 -0.000235477 0.999614 0.0277693 
0.999546 -0.00623126 -0.0294645 0.999546 0.00624143 0.99998 0.000253361 0.00624143 0.0294623 -0.000437147 0.999566 0.0294623 
0.999602 -0.00373245 -0.0279524 0.999602 0.00380076 0.99999 0.00239099 0.00380076 0.0279432 -0.00249628 0.999606 0.0279432 
0.99956 -0.003318 -0.0294716 0.99956 0.0033829 0.999992 0.00215264 0.0033829 0.0294642 -0.00225139 0.999563 0.0294642 
0.999644 -0.00061427 -0.0266637 0.999644 0.000637824 0.999999 0.000874877 0.000637824 0.0266632 -0.000891572 0.999644 0.0266632 
0.999789 -0.00124284 -0.0204909 0.999789 0.00124101 0.999999 -0.000101871 0.00124101 0.020491 7.64204e-05 0.99979 0.020491 
0.999705 0.000108244 -0.0243005 0.999705 -1.66355e-05 0.999993 0.00376998 -1.66355e-05 0.0243008 -0.00376846 0.999698 0.0243008 
0.999683 0.000665673 -0.0251734 0.999683 -0.000555205 0.99999 0.004395 -0.000555205 0.0251761 -0.00437963 0.999673 0.0251761 
0.999654 -0.000297887 -0.0262941 0.999654 0.000361742 0.999997 0.00242376 0.000361742 0.0262933 -0.00243243 0.999651 0.0262933 
0.99962 -0.00067408 -0.0275404 0.99962 0.000824373 0.999985 0.0054462 0.000824373 0.0275363 -0.00546684 0.999606 0.0275363 
0.999749 0.000360518 -0.022387 0.999749 -0.000344059 1 0.000739086 -0.000344059 0.0223873 -0.000731198 0.999749 0.0223873 
0.999679 -0.00049481 -0.0253151 0.999679 0.000545128 0.999998 0.00198078 0.000545128 0.0253141 -0.00199394 0.999678 0.0253141 
0.999772 0.00116687 -0.0213402 0.999772 -0.00112193 0.999997 0.00211746 -0.00112193 0.0213426 -0.00209303 0.99977 0.0213426 
0.999979 0.00109054 -0.00641925 0.999979 -0.00106667 0.999993 0.00372141 -0.00106667 0.00642326 -0.00371448 0.999972 0.00642326 
0.999861 0.00159261 -0.0165775 0.999861 -0.00154642 0.999995 0.00279856 -0.00154642 0.0165819 -0.00277253 0.999859 0.0165819 
0.999836 -0.000894818 -0.018091 0.999836 0.000919589 0.999999 0.00136097 0.000919589 0.0180897 -0.00137738 0.999835 0.0180897 
0.999978 -0.00106944 -0.00655564 0.999978 0.00107493 0.999999 0.000833371 0.00107493 0.00655475 -0.000840399 0.999978 0.00655475 
0.999805 -0.00262156 -0.0195688 0.999805 0.00259917 0.999996 -0.0011698 0.00259917 0.0195718 0.00111871 0.999808 0.0195718 
0.999807 -0.00341363 -0.0193279 0.999807 0.00337558 0.999992 -0.00200089 0.00337558 0.0193346 0.00193526 0.999811 0.0193346 
0.999984 -0.0046382 -0.00316273 0.999984 0.00462376 0.999979 -0.00455667 0.00462376 0.0031838 0.00454198 0.999985 0.0031838 
0.999713 -0.00345157 -0.0236934 0.999713 0.00345347 0.999994 3.92988e-05 0.00345347 0.0236931 -0.000121112 0.999719 0.0236931 
0.99973 -0.00151152 -0.0231695 0.99973 0.00156786 0.999996 0.00241362 0.00156786 0.0231657 -0.0024493 0.999729 0.0231657 
0.999771 -0.0044382 -0.0209109 0.999771 0.00445767 0.99999 0.000884637 0.00445767 0.0209067 -0.000977649 0.999781 0.0209067 
0.999793 -0.00257531 -0.0202014 0.999793 0.00253429 0.999995 -0.00205571 0.00253429 0.0202066 0.00200409 0.999794 0.0202066 
0.999645 -0.00292379 -0.0264703 0.999645 0.0028588 0.999993 -0.00249281 0.0028588 0.0264774 0.00241625 0.999646 0.0264774 
0.999743 -0.00130227 -0.0226484 0.999743 0.00124958 0.999996 -0.00234075 0.00124958 0.0226514 0.00231185 0.999741 0.0226514 
0.999794 -0.00266699 -0.0201334 0.999794 0.00261874 0.999994 -0.00242253 0.00261874 0.0201397 0.00236931 0.999794 0.0201397 
0.999719 -0.000393747 -0.0237221 0.999719 0.000346311 0.999998 -0.00200373 0.000346311 0.0237229 0.00199495 0.999717 0.0237229 
0.999719 -0.00368063 -0.0234363 0.999719 0.00366863 0.999993 -0.000555245 0.00366863 0.0234381 0.00046911 0.999725 0.0234381 
0.999606 -0.00411998 -0.0277534 0.999606 0.00408716 0.999991 -0.00123931 0.00408716 0.0277583 0.00112539 0.999614 0.0277583 
0.999746 -0.0007905 -0.0225249 0.999746 0.000801747 1 0.000490271 0.000801747 0.0225245 -0.000508206 0.999746 0.0225245 
0.999695 0.00398382 -0.0243585 0.999695 -0.00394795 0.999991 0.0015208 -0.00394795 0.0243644 -0.00142417 0.999702 0.0243644 
0.999728 -0.00147633 -0.0232564 0.999728 0.00142648 0.999997 -0.00215977 0.00142648 0.0232595 0.00212601 0.999727 0.0232595 
0.999718 -0.000988937 -0.0237192 0.999718 0.00097508 0.999999 -0.000595761 0.00097508 0.0237198 0.000572464 0.999718 0.0237198 
0.999742 -0.00310951 -0.0224865 0.999742 0.00321456 0.999984 0.00463689 0.00321456 0.0224717 -0.00470798 0.999736 0.0224717 
0.999785 -0.00325885 -0.0204606 0.999785 0.00345394 0.999949 0.00950643 0.00345394 0.0204286 -0.00957506 0.999745 0.0204286 
0.999819 -0.00415588 -0.0185739 0.999819 0.0042847 0.999967 0.00690096 0.0042847 0.0185446 -0.00697929 0.999804 0.0185446 
0.999734 -0.00416362 -0.0226988 0.999734 0.00422725 0.999987 0.00275611 0.00422725 0.0226871 -0.00285133 0.999739 0.0226871 
0.9998 -0.00770908 -0.018464 0.9998 0.0076848 0.99997 -0.00138519 0.0076848 0.0184741 0.00124302 0.999829 0.0184741 
0.999822 -0.00563339 -0.0179916 0.999822 0.00560245 0.999983 -0.00177006 0.00560245 0.0180013 0.00166895 0.999837 0.0180013 
0.999807 -0.00298677 -0.0194104 0.999807 0.00297621 0.999995 -0.000572737 0.00297621 0.019412 0.000514857 0.999811 0.019412 
0.999812 -0.00223329 -0.0192694 0.999812 0.00220031 0.999996 -0.00173223 0.00220031 0.0192732 0.0016895 0.999813 0.0192732 
0.999835 -0.00277606 -0.0179438 0.999835 0.00276549 0.999996 -0.00061367 0.00276549 0.0179454 0.000563946 0.999839 0.0179454 
0.999822 -0.00290615 -0.0186191 0.999822 0.00289213 0.999996 -0.000780107 0.00289213 0.0186213 0.00072612 0.999826 0.0186213 
0.9998 -0.00589825 -0.0191051 0.9998 0.00594171 0.99998 0.00221842 0.00594171 0.0190916 -0.00233149 0.999815 0.0190916 
0.999815 -0.00230217 -0.0191191 0.999815 0.00235073 0.999994 0.00251768 0.00235073 0.0191132 -0.00256216 0.999814 0.0191132 
0.999847 -0.000961098 -0.0174394 0.999847 0.000911792 0.999996 -0.002835 0.000911792 0.017442 0.00281866 0.999844 0.017442 
0.999881 -0.00116445 -0.0153619 0.999881 0.00110239 0.999991 -0.00404729 0.00110239 0.0153665 0.00402988 0.999874 0.0153665 
0.999902 -0.000835678 -0.0139406 0.999902 0.000776737 0.999991 -0.00423282 0.000776737 0.0139441 0.00422158 0.999894 0.0139441 
0.99992 0.00265699 -0.0123895 0.99992 -0.00270712 0.999988 -0.00403098 -0.00270712 0.0123787 0.0040642 0.999915 0.0123787 
0.999942 -0.0012161 -0.0106912 0.999942 0.00122277 0.999999 0.000618077 0.00122277 0.0106904 -0.000631114 0.999943 0.0106904 
0.999966 -0.00284475 -0.00775704 0.999966 0.00287476 0.999988 0.00386048 0.00287476 0.00774597 -0.00388265 0.999962 0.00774597 
0.999975 -0.00406577 -0.00579382 0.999975 0.00407956 0.999989 0.00236968 0.00407956 0.00578412 -0.00239326 0.99998 0.00578412 
0.999982 -0.000943073 -0.00594303 0.999982 0.000966541 0.999992 0.00394719 0.000966541 0.00593926 -0.00395287 0.999975 0.00593926 
0.999986 -0.000592209 -0.00528146 0.999986 0.000642684 0.999954 0.00956055 0.000642684 0.00527556 -0.00956381 0.99994 0.00527556 
0.999989 -0.00256186 -0.00396924 0.999989 0.00257408 0.999992 0.00307611 0.00257408 0.00396132 -0.0030863 0.999987 0.00396132 
0.999989 0.000651989 -0.0046726 0.999989 -0.000689988 0.999967 -0.00813524 -0.000689988 0.00466714 0.00813838 0.999956 0.00466714 
0.999998 0.000673092 -0.00171768 0.999998 -0.000689529 0.999954 -0.0095863 -0.000689529 0.00171115 0.00958747 0.999953 0.00171115 
0.999999 0.00064841 -0.000964363 0.999999 -0.000651699 0.999994 -0.00341422 -0.000651699 0.000962143 0.00341485 0.999994 0.000962143 
0.999999 -0.000854957 0.00139582 0.999999 0.000851497 0.999997 0.00247771 0.000851497 -0.00139793 -0.00247652 0.999996 -0.00139793 
1 -0.00095703 -0.00021945 1 0.000957882 0.999992 0.00391762 0.000957882 0.000215699 -0.00391782 0.999992 0.000215699 
0.999997 -0.00134536 0.00219222 0.999997 0.00133961 0.999996 0.00262133 0.00133961 -0.00219573 -0.00261838 0.999994 -0.00219573 
0.999996 -0.000601094 0.002608 0.999996 0.000598787 0.999999 0.000885193 0.000598787 -0.00260853 -0.000883628 0.999996 -0.00260853 
0.999989 -0.000513249 0.00464103 0.999989 0.000505392 0.999998 0.00169393 0.000505392 -0.00464189 -0.00169157 0.999988 -0.00464189 
0.99999 -0.00191406 0.00413653 0.99999 0.0019107 0.999998 0.000815475 0.0019107 -0.00413808 -0.000807563 0.999991 -0.00413808 
0.999986 -0.000530595 0.00523182 0.999986 0.000523722 0.999999 0.00131501 0.000523722 -0.00523251 -0.00131225 0.999985 -0.00523251 
0.999977 -0.000763794 0.00666924 0.999977 0.000768735 0.999999 -0.000738444 0.000768735 -0.00666867 0.000743555 0.999977 -0.00666867 
0.999975 0.002351 0.00672865 0.999975 -0.00233775 0.999995 -0.00197519 -0.00233775 -0.00673326 0.00195941 0.999975 -0.00673326 
0.999962 0.00214772 0.00841334 0.999962 -0.0021442 0.999998 -0.000426553 -0.0021442 -0.00841423 0.000408497 0.999965 -0.00841423 
0.999969 0.00261475 0.0074798 0.999969 -0.00262001 0.999996 0.000694518 -0.00262001 -0.00747795 -0.000714093 0.999972 -0.00747795 
0.999964 -5.04766e-05 0.00848564 0.999964 5.0557e-05 1 -9.26401e-06 5.0557e-05 -0.00848564 9.69269e-06 0.999964 -0.00848564 
0.999974 -0.000257536 0.00719897 0.999974 0.00026296 1 -0.000752507 0.00026296 -0.00719877 0.000754381 0.999974 -0.00719877 
0.999965 0.000418701 0.00833422 0.999965 -0.000398232 0.999997 -0.00245746 -0.000398232 -0.00833522 0.00245406 0.999962 -0.00833522 
0.999976 -5.48413e-05 0.00698746 0.999976 6.38608e-05 0.999999 -0.00129061 6.38608e-05 -0.00698739 0.00129102 0.999975 -0.00698739 
0.999977 0.00052 0.00683327 0.999977 -0.000521439 1 0.000208789 -0.000521439 -0.00683316 -0.000212347 0.999977 -0.00683316 
0.999977 -0.00019815 0.00673302 0.999977 0.000181265 0.999997 0.00250828 0.000181265 -0.00673349 -0.002507 0.999974 -0.00673349 
0.999976 0.00024872 0.00695297 0.999976 -0.000261758 0.999998 0.00187427 -0.000261758 -0.00695249 -0.00187605 0.999974 -0.00695249 
0.999975 0.000738409 0.00701083 0.999975 -0.00074996 0.999998 0.00164516 -0.00074996 -0.0070096 -0.00165038 0.999974 -0.0070096 
0.99998 -0.00260513 0.00570549 0.99998 0.0026001 0.999996 0.000889481 0.0026001 -0.00570778 -0.000874629 0.999983 -0.00570778 
0.999976 -0.00022691 0.00690726 0.999976 0.00022927 1 -0.000340858 0.00022927 -0.00690718 0.000342434 0.999976 -0.00690718 
0.999968 -0.000603194 0.00794788 0.999968 0.000628053 0.999995 -0.00312561 0.000628053 -0.00794595 0.00313051 0.999964 -0.00794595 
0.999975 0.00104565 0.00693626 0.999975 -0.00103511 0.999998 -0.00152286 -0.00103511 -0.00693784 0.00151564 0.999975 -0.00693784 
0.999979 -0.000732941 0.00643865 0.999979 0.000734589 1 -0.000253689 0.000734589 -0.00643847 0.000258414 0.999979 -0.00643847 
0.999982 0.000344708 0.00603191 0.999982 -0.0003525 0.999999 0.00129089 -0.0003525 -0.00603146 -0.00129299 0.999981 -0.00603146 
0.999971 0.00314814 0.00696684 0.999971 -0.00315169 0.999995 0.000498084 -0.00315169 -0.00696523 -0.000520026 0.999976 -0.00696523 
0.999961 0.0024996 0.00851801 0.999961 -0.00251334 0.999996 0.00160344 -0.00251334 -0.00851396 -0.00162478 0.999962 -0.00851396 
0.999956 -0.000484519 0.00934748 0.999956 0.000456658 0.999995 0.00298253 0.000456658 -0.00934888 -0.00297813 0.999952 -0.00934888 
0.999944 0.00214429 0.0104071 0.999944 -0.00215476 0.999997 0.000994619 -0.00215476 -0.010405 -0.00101699 0.999945 -0.010405 
0.99997 -0.00122151 0.0076958 0.99997 0.00123252 0.999998 -0.00142641 0.00123252 -0.00769405 0.00143585 0.999969 -0.00769405 
0.999981 -0.0003783 0.006145 0.999981 0.000390195 0.999998 -0.00193464 0.000390195 -0.00614426 0.001937 0.999979 -0.00614426 
0.99999 -0.00333742 0.00280756 0.99999 0.00333627 0.999994 0.000412563 0.00333627 -0.00280892 -0.000403192 0.999996 -0.00280892 
0.999996 -6.84171e-05 0.00297137 0.999996 6.20902e-05 0.999998 0.00212932 6.20902e-05 -0.00297151 -0.00212912 0.999993 -0.00297151 
0.999995 0.00126798 0.00289396 0.999995 -0.00127292 0.999998 0.00170682 -0.00127292 -0.00289179 -0.0017105 0.999994 -0.00289179 
0.999993 0.00181018 0.00335863 0.999993 -0.00180923 0.999998 -0.000285534 -0.00180923 -0.00335915 0.000279456 0.999994 -0.00335915 
0.999992 -0.000300188 0.00389574 0.999992 0.00029198 0.999998 0.00210719 0.00029198 -0.00389636 -0.00210604 0.99999 -0.00389636 
0.999989 0.00130303 0.00455426 0.999989 -0.00130746 0.999999 0.000969154 -0.00130746 -0.00455299 -0.000975098 0.999989 -0.00455299 
0.999991 0.00204273 0.00381442 0.999991 -0.00204639 0.999997 0.000956134 -0.00204639 -0.00381246 -0.000963931 0.999992 -0.00381246 
0.999993 0.00110992 0.00346904 0.999993 -0.00110332 0.999998 -0.00190248 -0.00110332 -0.00347114 0.00189864 0.999992 -0.00347114 
0.999983 0.00502087 0.00311229 0.999983 -0.00500911 0.99998 -0.00377285 -0.00500911 -0.00313118 0.0037572 0.999988 -0.00313118 
0.999994 -0.00143938 0.00316671 0.999994 0.0014411 0.999999 -0.000543646 0.0014411 -0.00316592 0.000548206 0.999995 -0.00316592 
0.999982 0.0015492 0.00582814 0.999982 -0.00155807 0.999998 0.00151682 -0.00155807 -0.00582577 -0.00152587 0.999982 -0.00582577 
0.999956 0.00410816 0.00846473 0.999956 -0.00412554 0.999989 0.00203762 -0.00412554 -0.00845627 -0.00207245 0.999962 -0.00845627 
0.999968 -0.00170469 0.00784617 0.999968 0.00169771 0.999998 0.000896688 0.00169771 -0.00784769 -0.000883338 0.999969 -0.00784769 
0.999967 0.000943514 0.00809886 0.999967 -0.000940434 0.999999 -0.000384166 -0.000940434 -0.00809922 0.000376537 0.999967 -0.00809922 
0.999952 0.00190315 0.00961111 0.999952 -0.00189492 0.999998 -0.000865301 -0.00189492 -0.00961274 0.000847047 0.999953 -0.00961274 
0.99994 0.00359028 0.0103813 0.99994 -0.00361 0.999992 0.00188136 -0.00361 -0.0103745 -0.00191872 0.999944 -0.0103745 
0.999919 0.00281917 0.0124001 0.999919 -0.00283151 0.999996 0.000978143 -0.00283151 -0.0123973 -0.00101317 0.999923 -0.0123973 
0.999929 0.00260543 0.0116357 0.999929 -0.00260989 0.999997 0.000368245 -0.00260989 -0.0116347 -0.000398587 0.999932 -0.0116347 
0.99993 -0.000149413 0.011814 0.99993 0.000189354 0.999994 -0.00337973 0.000189354 -0.0118135 0.00338173 0.999925 -0.0118135 
0.999942 0.00120031 0.0106601 0.999942 -0.00120018 0.999999 -1.83261e-05 -0.00120018 -0.0106601 5.53101e-06 0.999943 -0.0106601 
0.999941 -0.00275732 0.0105128 0.999941 0.00274132 0.999995 0.00153603 0.00274132 -0.0105169 -0.00150712 0.999944 -0.0105169 
0.999957 -0.000897342 0.0092105 0.999957 0.000875371 0.999997 0.00238918 0.000875371 -0.00921262 -0.00238101 0.999955 -0.00921262 
0.999937 -0.00132831 0.0111186 0.999937 0.0013251 0.999999 0.000295962 0.0013251 -0.011119 -0.00028121 0.999938 -0.011119 
0.999964 -0.00240286 0.00807757 0.999964 0.0024109 0.999997 -0.000985188 0.0024109 -0.00807517 0.00100463 0.999967 -0.00807517 
0.999954 -0.000390946 0.00955922 0.999954 0.000405612 0.999999 -0.00153228 0.000405612 -0.00955861 0.00153608 0.999953 -0.00955861 
0.999975 -0.00164506 0.0068147 0.999975 0.00165156 0.999998 -0.000949384 0.00165156 -0.00681313 0.000960615 0.999976 -0.00681313 
0.999957 0.000970837 0.00917678 0.999957 -0.000960769 0.999999 -0.00110152 -0.000960769 -0.00917783 0.00109266 0.999957 -0.00917783 
0.999952 0.000524827 0.00980863 0.999952 -0.000507007 0.999998 -0.00181913 -0.000507007 -0.00980956 0.00181407 0.99995 -0.00980956 
0.999967 -0.00365486 0.00720571 0.999967 0.00365144 0.999993 0.000488034 0.00365144 -0.00720744 -0.000461707 0.999974 -0.00720744 
0.99995 -0.00246609 0.00970404 0.99995 0.00243477 0.999992 0.00323837 0.00243477 -0.00971194 -0.00321458 0.999948 -0.00971194 
0.999965 -0.000277742 0.00833468 0.999965 0.00026248 0.999998 0.00183217 0.00026248 -0.00833517 -0.00182992 0.999964 -0.00833517 
0.999966 -0.000643648 0.00819242 0.999966 0.000652472 0.999999 -0.0010745 0.000652472 -0.00819172 0.0010798 0.999966 -0.00819172 
0.999959 0.00217752 0.0087488 0.999959 -0.00216642 0.999997 -0.00127802 -0.00216642 -0.00875156 0.00125902 0.999961 -0.00875156 
0.999948 -0.000791116 0.0101282 0.999948 0.000814425 0.999997 -0.00229747 0.000814425 -0.0101264 0.0023056 0.999946 -0.0101264 
0.999971 0.001237 0.00752939 0.999971 -0.00121483 0.999995 -0.00294726 -0.00121483 -0.00753299 0.00293803 0.999967 -0.00753299 
0.99994 0.000338811 0.0109656 0.99994 -0.000304266 0.999995 -0.00315188 -0.000304266 -0.0109666 0.00314836 0.999935 -0.0109666 
0.999915 -0.00319677 0.0126377 0.999915 0.00319712 0.999995 -7.49074e-06 0.00319712 -0.0126376 4.78942e-05 0.99992 -0.0126376 
0.999946 -7.68933e-05 0.0103615 0.999946 7.88231e-05 1 -0.000185846 7.88231e-05 -0.0103615 0.000186652 0.999946 -0.0103615 
0.999961 -0.000786607 0.00874485 0.999961 0.000800519 0.999998 -0.00158747 0.000800519 -0.00874359 0.00159441 0.999961 -0.00874359 
0.999965 0.000111705 0.00837031 0.999965 -0.000105856 1 -0.000699214 -0.000105856 -0.00837039 0.000698304 0.999965 -0.00837039 
0.999944 0.000193404 0.0106021 0.999944 -0.000195984 1 0.000242377 -0.000195984 -0.010602 -0.000244441 0.999944 -0.010602 
0.999957 0.000139539 0.00925467 0.999957 -0.000143841 1 0.000464159 -0.000143841 -0.00925461 -0.00046547 0.999957 -0.00925461 
0.999967 0.000278835 0.00809199 0.999967 -0.000287481 0.999999 0.00106728 -0.000287481 -0.00809168 -0.00106957 0.999967 -0.00809168 
0.999957 0.000272717 0.00931086 0.999957 -0.000263792 1 -0.000959766 -0.000263792 -0.00931111 0.000957268 0.999956 -0.00931111 
0.999964 0.00114005 0.00837715 0.999964 -0.00112719 0.999998 -0.00153998 -0.00112719 -0.00837889 0.00153048 0.999964 -0.00837889 
0.999959 0.0011413 0.00898943 0.999959 -0.0011158 0.999995 -0.00284049 -0.0011158 -0.00899263 0.00283034 0.999956 -0.00899263 
0.999982 0.000356147 0.00594947 0.999982 -0.000344088 0.999998 -0.00202782 -0.000344088 -0.00595018 0.00202574 0.99998 -0.00595018 
0.999989 -0.001231 0.00449136 0.999989 0.00124436 0.999995 -0.00297191 0.00124436 -0.00448767 0.00297746 0.999985 -0.00448767 
0.999991 0.000571525 0.00421992 0.999991 -0.000558775 0.999995 -0.003022 -0.000558775 -0.00422163 0.00301961 0.999987 -0.00422163 
0.999996 0.00095379 0.00274027 0.999996 -0.000943717 0.999993 -0.00367504 -0.000943717 -0.00274375 0.00367243 0.999989 -0.00274375 
0.999999 -9.88779e-05 0.00132734 0.999999 0.000103183 0.999995 -0.00324344 0.000103183 -0.00132701 0.00324357 0.999994 -0.00132701 
0.999999 -0.000633625 0.00158132 0.999999 0.000631832 0.999999 0.00113378 0.000631832 -0.00158204 -0.00113277 0.999998 -0.00158204 
0.999998 0.00109198 0.00170458 0.999998 -0.00109551 0.999997 0.00207538 -0.00109551 -0.00170231 -0.00207724 0.999996 -0.00170231 
0.999996 0.0016172 0.00234077 0.999996 -0.00162167 0.999997 0.00190606 -0.00162167 -0.00233768 -0.00190984 0.999995 -0.00233768 
0.999997 0.000572307 0.00257355 0.999997 -0.000568693 0.999999 -0.00140489 -0.000568693 -0.00257436 0.00140342 0.999996 -0.00257436 
0.999996 0.00171647 0.00227251 0.999996 -0.00171219 0.999997 -0.00188448 -0.00171219 -0.00227573 0.00188059 0.999996 -0.00227573 
0.999999 0.00102846 -0.000394481 0.999999 -0.00102932 0.999997 -0.00216582 -0.00102932 0.000392253 0.00216623 0.999998 0.000392253 
0.999998 0.00153973 0.00140597 0.999998 -0.00153614 0.999996 -0.00255036 -0.00153614 -0.00140989 0.00254819 0.999996 -0.00140989 
0.999991 0.000822998 0.0041254 0.999991 -0.000805949 0.999991 -0.00413267 -0.000805949 -0.00412876 0.00412931 0.999983 -0.00412876 
0.999999 0.00131134 -1.49751e-05 0.999999 -0.00131135 0.999999 -0.000404104 -0.00131135 1.44452e-05 0.000404123 1 1.44452e-05 
0.999994 -0.00326877 0.000799301 0.999994 0.00327031 0.999993 -0.00193411 0.00327031 -0.000792973 0.00193671 0.999998 -0.000792973 
0.999996 -0.00259205 0.00139626 0.999996 0.0025923 0.999997 -0.00017936 0.0025923 -0.00139579 0.000182978 0.999999 -0.00139579 
0.999999 0.000573427 0.00112406 0.999999 -0.000570554 0.999997 -0.00255499 -0.000570554 -0.00112552 0.00255435 0.999996 -0.00112552 
1 0.000437207 0.000703491 1 -0.000435236 0.999996 -0.00280037 -0.000435236 -0.000704713 0.00280006 0.999996 -0.000704713 
0.999998 0.000613826 0.00178538 0.999998 -0.000608235 0.999995 -0.00313031 -0.000608235 -0.00178729 0.00312922 0.999994 -0.00178729 
0.999996 0.0001157 0.00269867 0.999996 -0.000113919 1 -0.00066014 -0.000113919 -0.00269875 0.00065983 0.999996 -0.00269875 
0.999994 0.000257711 0.00341438 0.999994 -0.000253545 0.999999 -0.00122038 -0.000253545 -0.00341469 0.0012195 0.999993 -0.00341469 
0.999997 0.00110526 0.0020328 0.999997 -0.00110076 0.999997 -0.00221395 -0.00110076 -0.00203524 0.00221171 0.999995 -0.00203524 
0.999996 0.00119138 0.00263992 0.999996 -0.00118456 0.999996 -0.00258387 -0.00118456 -0.00264299 0.00258073 0.999993 -0.00264299 
0.999991 0.000640424 0.00407584 0.999991 -0.000633271 0.999998 -0.00175589 -0.000633271 -0.00407696 0.00175329 0.99999 -0.00407696 
0.999991 0.000865086 0.00405257 0.999991 -0.000862468 0.999999 -0.00064778 -0.000862468 -0.00405313 0.000644279 0.999992 -0.00405313 
0.999995 0.000173531 0.00303448 0.999995 -0.000167142 0.999998 -0.00210553 -0.000167142 -0.00303484 0.00210502 0.999993 -0.00303484 
0.999992 0.000130111 0.00391069 0.999992 -0.000118758 0.999996 -0.00290335 -0.000118758 -0.00391105 0.00290286 0.999988 -0.00391105 
0.999985 0.00248984 0.00483763 0.999985 -0.00247438 0.999992 -0.00319912 -0.00247438 -0.00484556 0.0031871 0.999983 -0.00484556 
0.999977 0.000969195 0.00674139 0.999977 -0.000960833 0.999999 -0.0012435 -0.000960833 -0.00674259 0.00123699 0.999977 -0.00674259 
0.999966 0.00366286 0.00735149 0.999966 -0.00366122 0.999993 -0.000237207 -0.00366122 -0.00735231 0.000210283 0.999973 -0.00735231 
0.999964 -0.00316727 0.00790138 0.999964 0.00315822 0.999994 0.00115741 0.00315822 -0.007905 -0.00113241 0.999968 -0.007905 
0.999968 4.58945e-05 0.00796417 0.999968 -3.96012e-05 1 -0.000790355 -3.96012e-05 -0.0079642 0.000790015 0.999968 -0.0079642 
0.999937 -4.95995e-05 0.0112497 0.999937 6.87736e-05 0.999999 -0.00170402 6.87736e-05 -0.0112496 0.00170469 0.999935 -0.0112496 
0.999967 0.0023682 0.00780967 0.999967 -0.00234183 0.999992 -0.00338366 -0.00234183 -0.00781762 0.00336526 0.999964 -0.00781762 
0.999949 0.00187002 0.00991931 0.999949 -0.00185684 0.999997 -0.00133858 -0.00185684 -0.00992179 0.00132009 0.99995 -0.00992179 
0.999939 0.00152086 0.0109255 0.999939 -0.00153897 0.999997 0.00164904 -0.00153897 -0.010923 -0.00166575 0.999939 -0.010923 
0.999949 0.000298142 0.0101426 0.999949 -0.000297216 1 -9.2808e-05 -0.000297216 -0.0101426 8.97886e-05 0.999949 -0.0101426 
0.999907 0.00242909 0.0134367 0.999907 -0.00243 0.999997 5.12486e-05 -0.00243 -0.0134365 -8.3895e-05 0.99991 -0.0134365 
0.999939 0.00167953 0.0109255 0.999939 -0.00167655 0.999999 -0.000281887 -0.00167655 -0.010926 0.000263553 0.99994 -0.010926 
0.999923 0.000968243 0.012364 0.999923 -0.000939952 0.999997 -0.00229373 -0.000939952 -0.0123661 0.00228193 0.999921 -0.0123661 
0.999928 -0.00111954 0.0119362 0.999928 0.00115447 0.999995 -0.00291944 0.00115447 -0.0119328 0.00293301 0.999924 -0.0119328 
0.999931 0.00106459 0.0117119 0.999931 -0.00105202 0.999999 -0.00107996 -0.00105202 -0.0117131 0.00106756 0.999931 -0.0117131 
0.999922 -0.000738753 0.0124487 0.999922 0.000763575 0.999998 -0.00198932 0.000763575 -0.0124472 0.00199868 0.999921 -0.0124472 
0.999935 0.00157445 0.0112726 0.999935 -0.00152723 0.99999 -0.00419614 -0.00152723 -0.0112791 0.00417865 0.999928 -0.0112791 
0.999862 0.00224122 0.0164799 0.999862 -0.00215165 0.999983 -0.00545103 -0.00215165 -0.0164918 0.00541482 0.999849 -0.0164918 
0.999911 0.00297839 0.0130131 0.999911 -0.00294533 0.999992 -0.0025585 -0.00294533 -0.0130206 0.00251995 0.999912 -0.0130206 
0.999937 0.00390903 0.010491 0.999937 -0.00390802 0.999992 -0.000116219 -0.00390802 -0.0104914 7.52129e-05 0.999945 -0.0104914 
0.999904 0.00333262 0.0134591 0.999904 -0.00332266 0.999994 -0.00076232 -0.00332266 -0.0134615 0.000717527 0.999909 -0.0134615 
0.999907 -8.92497e-05 0.0136283 0.999907 0.000127211 0.999996 -0.00278464 0.000127211 -0.013628 0.00278612 0.999903 -0.013628 
0.999916 0.00209041 0.0128095 0.999916 -0.00205962 0.999995 -0.00241622 -0.00205962 -0.0128145 0.00238963 0.999915 -0.0128145 
0.999907 0.00118721 0.0135607 0.999907 -0.00115392 0.999996 -0.00246224 -0.00115392 -0.0135636 0.00244636 0.999905 -0.0135636 
0.999875 9.71045e-05 0.0158203 0.999875 -8.62111e-05 1 -0.000689255 -8.62111e-05 -0.0158204 0.000687804 0.999875 -0.0158204 
0.999901 0.00321512 0.0136775 0.999901 -0.00317314 0.99999 -0.00308973 -0.00317314 -0.0136873 0.00304603 0.999902 -0.0136873 
0.999894 -2.42641e-06 0.0145261 0.999894 1.25941e-05 1 -0.000699867 1.25941e-05 -0.0145261 0.000699976 0.999894 -0.0145261 
0.999922 -0.000858109 0.0124832 0.999922 0.000872328 0.999999 -0.00113365 0.000872328 -0.0124822 0.00114445 0.999921 -0.0124822 
0.999939 -0.00383497 0.0103526 0.999939 0.00383764 0.999993 -0.000238169 0.00383764 -0.0103516 0.000277884 0.999946 -0.0103516 
0.999961 -0.0045949 0.00755765 0.999961 0.00459838 0.999989 -0.000442531 0.00459838 -0.00755554 0.000477267 0.999971 -0.00755554 
0.999926 -0.000846835 0.0121138 0.999926 0.000833399 0.999999 0.00111415 0.000833399 -0.0121147 -0.00110398 0.999926 -0.0121147 
0.999956 -0.00230299 0.00913919 0.999956 0.00229237 0.999997 0.00117214 0.00229237 -0.00914186 -0.00115114 0.999958 -0.00914186 
0.999938 -0.00163381 0.0110123 0.999938 0.00165555 0.999997 -0.00196529 0.00165555 -0.0110091 0.0019834 0.999937 -0.0110091 
0.99995 -0.00497774 0.00871006 0.99995 0.00501017 0.999981 -0.00370603 0.00501017 -0.00869144 0.00374948 0.999955 -0.00869144 
0.999954 -0.00411125 0.00865287 0.999954 0.00412554 0.99999 -0.00163437 0.00412554 -0.00864606 0.00167 0.999961 -0.00864606 
0.999958 -0.00472065 0.00781927 0.999958 0.00472397 0.999989 -0.000406691 0.00472397 -0.00781726 0.000443612 0.999969 -0.00781726 
0.99997 -0.00402033 0.00663451 0.99997 0.0040368 0.999989 -0.00247098 0.0040368 -0.0066245 0.00249769 0.999975 -0.0066245 
0.999979 -0.0033608 0.00546823 0.999979 0.0033642 0.999994 -0.000613417 0.0033642 -0.00546614 0.000631801 0.999985 -0.00546614 
0.999988 -0.00349583 0.00328376 0.999988 0.00348114 0.999984 0.0044667 0.00348114 -0.00329933 -0.00445522 0.999985 -0.00329933 
0.999988 -0.00329976 0.00348207 0.999988 0.00327609 0.999972 0.00677912 0.00327609 -0.00350434 -0.00676763 0.999971 -0.00350434 
0.999995 -0.00244108 0.00223152 0.999995 0.00243339 0.999991 0.00344462 0.00243339 -0.00223991 -0.00343917 0.999992 -0.00223991 
0.999995 -0.00123963 0.00303407 0.999995 0.00124354 0.999998 -0.00128759 0.00124354 -0.00303247 0.00129136 0.999995 -0.00303247 
0.999996 0.000329467 -0.00277184 0.999996 -0.000331076 1 -0.000580005 -0.000331076 0.00277165 0.000580921 0.999996 0.00277165 
0.999998 0.00065247 0.00172899 0.999998 -0.000650392 0.999999 -0.00120238 -0.000650392 -0.00172977 0.00120125 0.999998 -0.00172977 
0.999998 0.00188305 0.000132339 0.999998 -0.00188312 0.999998 0.000507918 -0.00188312 -0.000131382 -0.000508166 1 -0.000131382 
0.999999 -0.00122584 -0.000142 0.999999 0.00122595 0.999999 0.000754563 0.00122595 0.000141075 -0.000754737 1 0.000141075 
1 -7.80373e-05 -0.000260966 1 7.8368e-05 0.999999 0.00126754 7.8368e-05 0.000260866 -0.00126756 0.999999 0.000260866 
0.999994 0.00254167 0.00233031 0.999994 -0.00254284 0.999997 0.000498476 -0.00254284 -0.00232903 -0.000504399 0.999997 -0.00232903 
0.999997 0.00130068 0.00229214 0.999997 -0.0012994 0.999999 -0.000560004 -0.0012994 -0.00229287 0.000557024 0.999997 -0.00229287 
1 0.000664121 0.000319788 1 -0.000663405 0.999997 -0.00223383 -0.000663405 -0.000321271 0.00223362 0.999997 -0.000321271 
0.999981 0.00124803 0.00609122 0.999981 -0.00124572 0.999999 -0.000382975 -0.00124572 -0.00609169 0.00037538 0.999981 -0.00609169 
0.999956 0.00104646 0.00929953 0.999956 -0.0010537 0.999999 0.000773552 -0.0010537 -0.00929871 -0.000783317 0.999956 -0.00929871 
0.999936 0.00175639 0.0112107 0.999936 -0.00174603 0.999998 -0.000933588 -0.00174603 -0.0112123 0.000913954 0.999937 -0.0112123 
0.999944 -0.00146972 0.0104646 0.999944 0.00149038 0.999997 -0.00196737 0.00149038 -0.0104617 0.00198285 0.999943 -0.0104617 
0.999886 0.00178342 0.0149964 0.999886 -0.00180852 0.999997 0.00166064 -0.00180852 -0.0149934 -0.00168758 0.999886 -0.0149934 
0.999892 0.000701649 0.0146457 0.999892 -0.000700837 1 -6.05829e-05 -0.000700837 -0.0146457 5.03121e-05 0.999893 -0.0146457 
0.99992 -0.00108823 0.0126155 0.99992 0.00112028 0.999996 -0.00253449 0.00112028 -0.0126127 0.00254842 0.999917 -0.0126127 
0.999907 -0.000521645 0.0135968 0.999907 0.000557409 0.999996 -0.00262661 0.000557409 -0.0135954 0.00263395 0.999904 -0.0135954 
0.999905 0.000999448 0.0137189 0.999905 -0.001002 0.999999 0.000179396 -0.001002 -0.0137187 -0.000193126 0.999906 -0.0137187 
0.999902 0.000190025 0.01403 0.999902 -0.000194554 1 0.000321466 -0.000194554 -0.01403 -0.000324164 0.999902 -0.01403 
0.999883 -0.00228217 0.0150997 0.999883 0.00228852 0.999997 -0.000403314 0.00228852 -0.0150987 0.000437823 0.999886 -0.0150987 
0.999902 -0.00386538 0.013444 0.999902 0.00384653 0.999992 0.00142774 0.00384653 -0.0134494 -0.00137588 0.999909 -0.0134494 
0.999912 -0.00295956 0.0129555 0.999912 0.00294387 0.999995 0.00123008 0.00294387 -0.0129591 -0.00119184 0.999915 -0.0129591 
0.999929 -0.00434353 0.0110836 0.999929 0.00434555 0.999991 -0.000158019 0.00434555 -0.0110828 0.000206172 0.999939 -0.0110828 
0.999947 -0.00586919 0.00843522 0.999947 0.00587127 0.999983 -0.000222101 0.00587127 -0.00843377 0.000271615 0.999964 -0.00843377 
0.999977 -0.00312509 0.0059463 0.999977 0.00312356 0.999995 0.000266537 0.00312356 -0.0059471 -0.000247957 0.999982 -0.0059471 
0.999978 -0.00027481 0.00656193 0.999978 0.000267736 0.999999 0.0010789 0.000267736 -0.00656222 -0.00107712 0.999978 -0.00656222 
0.999992 -0.000317242 0.00401154 0.999992 0.000315059 1 0.000544778 0.000315059 -0.00401171 -0.00054351 0.999992 -0.00401171 
0.999982 0.00228637 0.00559455 0.999982 -0.00229041 0.999997 0.000716679 -0.00229041 -0.0055929 -0.00072948 0.999984 -0.0055929 
0.999985 0.0016123 0.00530643 0.999985 -0.00161305 0.999999 0.00013669 -0.00161305 -0.0053062 -0.000145247 0.999986 -0.0053062 
0.999986 0.00032445 0.00526531 0.999986 -0.000333995 0.999998 0.00181218 -0.000333995 -0.00526472 -0.00181392 0.999984 -0.00526472 
0.999985 -0.0032398 0.00443801 0.999985 0.00322685 0.999991 0.00292156 0.00322685 -0.00444744 -0.00290719 0.999986 -0.00444744 
0.999985 -0.000825888 0.00541238 0.999985 0.000819279 0.999999 0.00122309 0.000819279 -0.00541339 -0.00121864 0.999985 -0.00541339 
0.999972 0.000119973 0.00742419 0.999972 -0.000125847 1 0.000790758 -0.000125847 -0.00742409 -0.000791671 0.999972 -0.00742409 
0.999976 -0.000167288 0.00689025 0.999976 0.0001733 1 -0.000871882 0.0001733 -0.0068901 0.000873055 0.999976 -0.0068901 
0.999973 -0.00206335 0.00703436 0.999973 0.00208747 0.999992 -0.00342398 0.00208747 -0.00702724 0.00343857 0.999969 -0.00702724 
0.999978 0.00124906 0.00645057 0.999978 -0.00123385 0.999996 -0.00236117 -0.00123385 -0.00645349 0.00235316 0.999976 -0.00645349 
0.999986 -0.000391133 0.00530181 0.999986 0.000384438 0.999999 0.00126376 0.000384438 -0.0053023 -0.0012617 0.999985 -0.0053023 
0.999978 0.00321613 0.00579037 0.999978 -0.00323804 0.999988 0.00377911 -0.00323804 -0.00577814 -0.00379777 0.999976 -0.00577814 
0.999985 0.00357303 0.004112 0.999985 -0.00357768 0.999993 0.0011247 -0.00357768 -0.00410795 -0.0011394 0.999991 -0.00410795 
0.99998 0.00338212 0.00527015 0.99998 -0.00338322 0.999994 0.000199367 -0.00338322 -0.00526945 -0.000217193 0.999986 -0.00526945 
0.999995 -0.00296896 -0.000564945 0.999995 0.00296821 0.999995 -0.00132946 0.00296821 0.000568889 0.00132778 0.999999 0.000568889 
0.999977 -0.00416188 -0.00528001 0.999977 0.00415159 0.999989 -0.00195769 0.00415159 0.0052881 0.00193573 0.999984 0.0052881 
0.99994 -0.00402678 -0.0101752 0.99994 0.00402268 0.999992 -0.000423877 0.00402268 0.0101769 0.00038292 0.999948 0.0101769 
0.999923 -0.0030832 -0.0119875 0.999923 0.00306887 0.999995 -0.00121361 0.00306887 0.0119912 0.00117673 0.999927 0.0119912 
0.99988 0.000801276 -0.0155001 0.99988 -0.000836558 0.999997 -0.00226993 -0.000836558 0.0154982 0.00228262 0.999877 0.0154982 
0.999936 0.00532822 -0.00995917 0.999936 -0.00535191 0.999983 -0.00235403 -0.00535191 0.00994646 0.00240718 0.999948 0.00994646 
0.999951 0.005379 -0.00825852 0.999951 -0.00539014 0.999985 -0.00132723 -0.00539014 0.00825125 0.00137168 0.999965 0.00825125 
0.999976 0.00363034 -0.00582361 0.999976 -0.00363027 0.999993 2.17644e-05 -0.00363027 0.00582365 -6.22631e-07 0.999983 0.00582365 
0.999978 0.00542862 -0.0038261 0.999978 -0.00542813 0.999985 0.000139441 -0.00542813 0.0038268 -0.00011867 0.999993 0.0038268 
0.99998 0.0043975 0.00455141 0.99998 -0.00439879 0.99999 0.000273432 -0.00439879 -0.00455017 -0.000293447 0.99999 -0.00455017 
0.99999 0.00288369 0.00343433 0.99999 -0.00288424 0.999996 0.000153207 -0.00288424 -0.00343387 -0.000163111 0.999994 -0.00343387 
0.999972 0.00249294 0.00700219 0.999972 -0.00249972 0.999996 0.000959756 -0.00249972 -0.00699977 -0.000977233 0.999975 -0.00699977 
0.999956 0.00301102 0.00883485 0.999956 -0.00301964 0.999995 0.000962689 -0.00301964 -0.00883191 -0.000989325 0.999961 -0.00883191 
0.999926 0.00265345 0.0118505 0.999926 -0.00266103 0.999996 0.000624064 -0.00266103 -0.0118488 -0.000655552 0.99993 -0.0118488 
0.999887 0.00214598 0.0148729 0.999887 -0.00214779 0.999998 0.000105608 -0.00214779 -0.0148727 -0.00013754 0.999889 -0.0148727 
0.999836 0.00362439 0.0177632 0.999836 -0.0036248 0.999993 -8.87047e-06 -0.0036248 -0.0177631 -5.55191e-05 0.999842 -0.0177631 
0.999804 0.00370861 0.0194428 0.999804 -0.0037158 0.999993 0.00033331 -0.0037158 -0.0194414 -0.00040549 0.999811 -0.0194414 
0.999782 0.00242129 0.0207212 0.999782 -0.00244102 0.999997 0.000926818 -0.00244102 -0.0207189 -0.000977197 0.999785 -0.0207189 
0.999767 -0.000884056 0.0215461 0.999767 0.000848772 0.999998 0.00164666 0.000848772 -0.0215475 -0.00162799 0.999767 -0.0215475 
0.999692 0.00171922 0.0247524 0.999692 -0.00173114 0.999998 0.000459882 -0.00173114 -0.0247515 -0.00050259 0.999694 -0.0247515 
0.999678 0.00078687 0.0253566 0.999678 -0.000839984 0.999997 0.00208412 -0.000839984 -0.0253549 -0.00210475 0.999676 -0.0253549 
0.999619 -0.000150383 0.027611 0.999619 6.06416e-05 0.999995 0.00325101 6.06416e-05 -0.0276114 -0.00324809 0.999613 -0.0276114 
0.999568 -0.00138254 0.0293447 0.999568 0.00134672 0.999998 0.00124049 0.00134672 -0.0293464 -0.00120043 0.999569 -0.0293464 
0.999531 -0.000859881 0.0306202 0.999531 0.000824241 0.999999 0.00117654 0.000824241 -0.0306212 -0.00115075 0.99953 -0.0306212 
0.999405 0.00154399 0.0344544 0.999405 -0.00153257 0.999999 -0.000358037 -0.00153257 -0.0344549 0.00030502 0.999406 -0.0344549 
0.999526 -0.00411264 0.030507 0.999526 0.00403317 0.999988 0.00266582 0.00403317 -0.0305176 -0.00254152 0.999531 -0.0305176 
0.999525 0.000597505 0.0308243 0.999525 -0.000652422 0.999998 0.00177159 -0.000652422 -0.0308232 -0.00179086 0.999523 -0.0308232 
0.999654 -0.000881274 0.0262946 0.999654 0.000845949 0.999999 0.00135453 0.000845949 -0.0262957 -0.00133182 0.999653 -0.0262957 
0.999652 -0.00391075 0.0260908 0.999652 0.00382631 0.999987 0.0032855 0.00382631 -0.0261033 -0.00318452 0.999654 -0.0261033 
0.999811 -0.00226857 0.0192969 0.999811 0.00226383 0.999997 0.000267523 0.00226383 -0.0192975 -0.000223787 0.999814 -0.0192975 
0.999849 -0.00509264 0.0166059 0.999849 0.00514692 0.999982 -0.00322778 0.00514692 -0.0165891 0.00331276 0.999857 -0.0165891 
0.999932 -0.00607855 0.00992485 0.999932 0.00613051 0.999968 -0.00521387 0.00613051 -0.00989284 0.00527436 0.999937 -0.00989284 
0.999978 -0.00391786 0.00543994 0.999978 0.00391371 0.999992 0.000773873 0.00391371 -0.00544292 -0.000752565 0.999985 -0.00544292 
0.99999 -0.00307044 0.00311927 0.99999 0.00305059 0.999975 0.00634872 0.00305059 -0.00313869 -0.00633914 0.999975 -0.00313869 
0.999989 -0.00458672 -0.00057209 0.999989 0.00458924 0.999979 0.00447852 0.00458924 0.000551536 -0.0044811 0.99999 0.000551536 
0.999986 -0.00419326 -0.00316896 0.999986 0.00419798 0.99999 0.00148221 0.00419798 0.00316271 -0.00149549 0.999994 0.00316271 
0.999988 0.000152776 -0.00490154 0.999988 -0.000151626 1 0.000235061 -0.000151626 0.00490157 -0.000234315 0.999988 0.00490157 
0.999995 0.0012927 -0.00294497 0.999995 -0.00129408 0.999999 -0.000468252 -0.00129408 0.00294436 0.00047206 0.999996 0.00294436 
0.999996 0.00152542 -0.00235396 0.999996 -0.00152019 0.999996 0.00222362 -0.00152019 0.00235734 -0.00222004 0.999995 0.00235734 
0.999991 0.00234482 -0.00346987 0.999991 -0.00232979 0.999988 0.00432877 -0.00232979 0.00347998 -0.00432065 0.999985 0.00347998 
0.999998 0.00170543 0.00143321 0.999998 -0.00171272 0.999986 0.00510036 -0.00171272 -0.00142449 -0.0051028 0.999986 -0.00142449 
0.999997 0.00141894 -0.00186451 0.999997 -0.00141617 0.999998 0.00148757 -0.00141617 0.00186661 -0.00148492 0.999997 0.00186661 
1 0.000394242 -0.000750204 1 -0.00039535 0.999999 -0.00147768 -0.00039535 0.00074962 0.00147797 0.999999 0.00074962 
0.999998 -0.00169843 -0.000725147 0.999998 0.00169692 0.999996 -0.00208106 0.00169692 0.000728679 0.00207983 0.999998 0.000728679 
0.999999 -0.00125961 -0.000285133 0.999999 0.00125932 0.999999 -0.00102395 0.00125932 0.000286422 0.00102359 0.999999 0.000286422 
0.999999 -0.00131719 0.00048024 0.999999 0.00131714 0.999999 0.000105823 0.00131714 -0.000480379 -0.00010519 1 -0.000480379 
0.999997 -0.00250766 0.000273701 0.999997 0.00250758 0.999997 0.000294328 0.00250758 -0.000274438 -0.000293641 1 -0.000274438 
0.999999 0.000755713 0.00133687 0.999999 -0.000757035 0.999999 0.000988337 -0.000757035 -0.00133612 -0.000989348 0.999999 -0.00133612 
0.999992 -0.000757721 -0.0039615 0.999992 0.000762589 0.999999 0.00122748 0.000762589 0.00396057 -0.00123049 0.999991 0.00396057 
0.999996 0.000315582 0.00276514 0.999996 -0.000322919 0.999996 0.0026532 -0.000322919 -0.0027643 -0.00265408 0.999993 -0.0027643 
0.999985 0.00252 0.00488167 0.999985 -0.00252749 0.999996 0.00152788 -0.00252749 -0.0048778 -0.00154019 0.999987 -0.0048778 
0.999966 0.000586545 0.00819506 0.999966 -0.000585231 1 -0.000162745 -0.000585231 -0.00819515 0.000157944 0.999966 -0.00819515 
0.999951 0.00576867 0.00802361 0.999951 -0.00576241 0.999983 -0.0008032 -0.00576241 -0.0080281 0.000756925 0.999967 -0.0080281 
0.999936 0.00470652 0.0102747 0.999936 -0.00470682 0.999989 4.3794e-06 -0.00470682 -0.0102745 -5.274e-05 0.999947 -0.0102745 
0.999941 0.00125407 0.0108313 0.999941 -0.00127343 0.999998 0.00178108 -0.00127343 -0.010829 -0.00179477 0.99994 -0.010829 
0.999936 0.00216502 0.0111054 0.999936 -0.00218965 0.999995 0.00220607 -0.00218965 -0.0111006 -0.00223025 0.999936 -0.0111006 
0.999946 0.00261756 0.0100254 0.999946 -0.00262559 0.999996 0.00078802 -0.00262559 -0.0100233 -0.000814301 0.999949 -0.0100233 
0.999963 0.00102955 0.00858837 0.999963 -0.00103155 0.999999 0.00022839 -0.00103155 -0.00858813 -0.00023724 0.999963 -0.00858813 
0.999957 0.00132749 0.00922606 0.999957 -0.00132236 0.999999 -0.000562009 -0.00132236 -0.0092268 0.000549784 0.999957 -0.0092268 
0.999942 0.00125062 0.010734 0.999942 -0.00125389 0.999999 0.000298176 -0.00125389 -0.0107336 -0.000311617 0.999942 -0.0107336 
0.999928 -0.000326971 0.0119766 0.999928 0.000291293 0.999996 0.00298066 0.000291293 -0.0119775 -0.00297696 0.999924 -0.0119775 
0.999962 -0.00111937 0.00870057 0.999962 0.00110213 0.999997 0.00198526 0.00110213 -0.00870277 -0.00197559 0.99996 -0.00870277 
0.999958 0.00126796 0.00909915 0.999958 -0.00127804 0.999999 0.00110181 -0.00127804 -0.00909774 -0.00111339 0.999958 -0.00909774 
0.999972 0.000613478 0.00750631 0.999972 -0.000611855 1 -0.000218607 -0.000611855 -0.00750644 0.000214008 0.999972 -0.00750644 
0.999965 -0.00092097 0.00833284 0.999965 0.000914883 0.999999 0.000734262 0.000914883 -0.00833351 -0.000726612 0.999965 -0.00833351 
0.999979 0.00228462 0.00606644 0.999979 -0.0022923 0.999997 0.00126088 -0.0022923 -0.00606354 -0.00127476 0.999981 -0.00606354 
0.999979 0.00295817 0.00575846 0.999979 -0.00296726 0.999994 0.00157049 -0.00296726 -0.00575378 -0.00158755 0.999982 -0.00575378 
0.999977 0.0035904 0.00570503 0.999977 -0.00361707 0.999983 0.00467136 -0.00361707 -0.00568816 -0.00469189 0.999973 -0.00568816 
0.999956 0.00698175 0.00629149 0.999956 -0.00701385 0.999962 0.00509511 -0.00701385 -0.00625568 -0.00513901 0.999967 -0.00625568 
0.999974 0.00365258 0.00626965 0.999974 -0.00365872 0.999993 0.00096813 -0.00365872 -0.00626607 -0.000991043 0.99998 -0.00626607 
0.999979 0.00186027 0.00616777 0.999979 -0.00184145 0.999994 -0.00305701 -0.00184145 -0.00617341 0.00304559 0.999976 -0.00617341 
0.999983 0.00173436 0.00553487 0.999983 -0.00172497 0.999997 -0.00169919 -0.00172497 -0.0055378 0.00168961 0.999983 -0.0055378 
0.999994 0.000650475 0.00326959 0.999994 -0.000650759 1 8.59788e-05 -0.000650759 -0.00326953 -8.8106e-05 0.999995 -0.00326953 
0.999994 0.000192315 0.00344151 0.999994 -0.000189236 1 -0.000895019 -0.000189236 -0.00344168 0.000894363 0.999994 -0.00344168 
0.999994 0.00154836 0.00295366 0.999994 -0.00154122 0.999996 -0.00241728 -0.00154122 -0.0029574 0.00241272 0.999993 -0.0029574 
0.999994 0.00300784 0.00158719 0.999994 -0.00300138 0.999987 -0.00405374 -0.00300138 -0.00159936 0.00404895 0.999991 -0.00159936 
0.999988 0.00456934 0.00174219 0.999988 -0.0045666 0.999988 -0.00157144 -0.0045666 -0.00174935 0.00156347 0.999997 -0.00174935 
0.999986 0.00504022 0.00159962 0.999986 -0.00504076 0.999987 0.000336677 -0.00504076 -0.0015979 -0.000344736 0.999999 -0.0015979 
0.999983 0.0057975 -9.71347e-05 0.999983 -0.00579762 0.999982 -0.00133773 -0.00579762 8.93775e-05 0.00133827 0.999999 8.93775e-05 
0.999986 0.00496238 0.0019635 0.999986 -0.00496477 0.999987 0.00121279 -0.00496477 -0.00195746 -0.00122252 0.999997 -0.00195746 
0.999996 0.00203354 0.00182093 0.999996 -0.00203356 0.999998 1.06993e-05 -0.00203356 -0.0018209 -1.44022e-05 0.999998 -0.0018209 
0.999996 0.00258984 0.00125103 0.999996 -0.00259067 0.999996 0.000664118 -0.00259067 -0.00124931 -0.000667356 0.999999 -0.00124931 
0.999999 0.00159807 0.000604222 0.999999 -0.00159737 0.999998 -0.00115831 -0.00159737 -0.000606072 0.00115734 0.999999 -0.000606072 
0.999999 0.000452288 0.00138445 0.999999 -0.000449437 0.999998 -0.00205944 -0.000449437 -0.00138538 0.00205882 0.999997 -0.00138538 
0.999998 -0.000556312 0.0016477 0.999998 0.000560086 0.999997 -0.00229108 0.000560086 -0.00164642 0.002292 0.999996 -0.00164642 
0.999999 -0.00134594 0.000495838 0.999999 0.00134691 0.999997 -0.00196615 0.00134691 -0.00049319 0.00196681 0.999998 -0.00049319 
0.999999 -0.0015789 1.21965e-05 0.999999 0.00157892 0.999996 -0.00239225 0.00157892 -8.41939e-06 0.00239226 0.999997 -8.41939e-06 
0.999999 -0.00129213 -5.70743e-05 0.999999 0.00129203 0.999998 -0.00157806 0.00129203 5.91132e-05 0.00157798 0.999999 5.91132e-05 
0.999999 0.000310486 -0.00164106 0.999999 -0.000311927 1 -0.000877443 -0.000311927 0.00164079 0.000877954 0.999998 0.00164079 
0.999997 -0.000544206 -0.0023521 0.999997 0.000539714 0.999998 -0.00191014 0.000539714 0.00235314 0.00190886 0.999995 0.00235314 
0.999999 4.09364e-05 -0.00133738 0.999999 -4.36722e-05 0.999998 -0.00204568 -4.36722e-05 0.00133729 0.00204573 0.999997 0.00133729 
0.999987 -0.00185165 -0.00473055 0.999987 0.00184041 0.999995 -0.00237745 0.00184041 0.00473493 0.00236871 0.999986 0.00473493 
0.999998 -0.00176973 -0.00119895 0.999998 0.00176653 0.999995 -0.00265823 0.00176653 0.00120364 0.00265611 0.999996 0.00120364 
0.999996 -0.00244336 -0.001031 0.999996 0.00244137 0.999995 -0.00192948 0.00244137 0.00103571 0.00192695 0.999998 0.00103571 
0.999999 0.000703686 -0.000932234 0.999999 -0.000703351 1 0.000359665 -0.000703351 0.000932487 -0.000359009 1 0.000932487 
0.999999 -0.000608242 -0.00143376 0.999999 0.000608925 1 0.000476264 0.000608925 0.00143347 -0.000477137 0.999999 0.00143347 
0.999999 0.000303056 -0.00121415 0.999999 -0.000305011 0.999999 -0.00161063 -0.000305011 0.00121366 0.001611 0.999998 0.00121366 
0.999998 0.0016833 -0.00144992 0.999998 -0.00168831 0.999993 -0.0034602 -0.00168831 0.00144408 0.00346264 0.999993 0.00144408 
0.999998 0.000940784 -0.00181275 0.999998 -0.000946824 0.999994 -0.0033343 -0.000946824 0.0018096 0.00333601 0.999993 0.0018096 
0.999998 0.00207848 -0.000685454 0.999998 -0.00207971 0.999996 -0.00180913 -0.00207971 0.000681692 0.00181055 0.999998 0.000681692 
0.999998 0.00139556 -0.00123781 0.999998 -0.00139528 0.999999 0.000223769 -0.00139528 0.00123812 -0.000222042 0.999999 0.00123812 
0.999996 0.00281717 -0.000822124 0.999996 -0.00281686 0.999996 0.000374921 -0.00281686 0.000823177 -0.000372604 1 0.000823177 
0.999997 0.00202113 0.00148186 0.999997 -0.00201981 0.999998 -0.000886631 -0.00201981 -0.00148364 0.000883635 0.999999 -0.00148364 
0.999983 0.00589387 0.000251335 0.999983 -0.00589377 0.999983 -0.000407042 -0.00589377 -0.00025373 0.000405554 1 -0.00025373 
0.999999 0.00143529 8.16372e-05 0.999999 -0.00143542 0.999998 0.00155677 -0.00143542 -7.94026e-05 -0.00155689 0.999999 -7.94026e-05 
1 0.000686975 -0.000625642 1 -0.00068759 0.999999 -0.000983021 -0.00068759 0.000624966 0.000983451 0.999999 0.000624966 
0.999998 0.0019488 0.000352499 0.999998 -0.0019485 0.999998 -0.000853118 -0.0019485 -0.000354161 0.000852429 1 -0.000354161 
1 0.000704375 0.00018366 1 -0.0007039 0.999996 -0.0025694 -0.0007039 -0.000185469 0.00256927 0.999997 -0.000185469 
0.999999 0.000882563 0.000586362 0.999999 -0.000882841 0.999999 0.000473869 -0.000882841 -0.000585943 -0.000474387 1 -0.000585943 
0.999998 -0.000702986 0.00167719 0.999998 0.000703513 1 -0.000313793 0.000703513 -0.00167697 0.000314972 0.999999 -0.00167697 
0.999999 0.00133691 0.000630406 0.999999 -0.00133768 0.999998 0.00121834 -0.00133768 -0.000628777 -0.00121919 0.999999 -0.000628777 
1 -0.00041123 0.000291835 1 0.000411374 1 -0.000493406 0.000411374 -0.000291632 0.000493526 1 -0.000291632 
1 0.000343814 0.000508657 1 -0.000343246 0.999999 -0.00111753 -0.000343246 -0.000509041 0.00111736 0.999999 -0.000509041 
0.999999 -0.00146389 0.000893678 0.999999 0.00146528 0.999998 -0.00155412 0.00146528 -0.000891401 0.00155543 0.999998 -0.000891401 
1 -0.000429058 0.000896528 1 0.000429019 1 4.34587e-05 0.000429019 -0.000896547 -4.30741e-05 1 -0.000896547 
0.999999 -0.00154613 0.000768081 0.999999 0.00154649 0.999999 -0.000473174 0.00154649 -0.000767348 0.000474361 1 -0.000767348 
1 -0.000847796 0.000277044 1 0.00084804 0.999999 -0.000879212 0.00084804 -0.000276298 0.000879447 1 -0.000276298 
0.999998 -0.00167899 0.000675542 0.999998 0.00168041 0.999996 -0.00210155 0.00168041 -0.000672011 0.00210268 0.999998 -0.000672011 
1 0.000234754 -0.000413485 1 -0.000235569 0.999998 -0.00197167 -0.000235569 0.000413021 0.00197177 0.999998 0.000413021 
0.999999 -0.00154875 -0.000678331 0.999999 0.00154716 0.999996 -0.00233054 0.00154716 0.000681938 0.00232949 0.999997 0.000681938 
0.999999 -0.00012179 0.00114532 0.999999 0.00012496 0.999996 -0.00276794 0.00012496 -0.00114498 0.00276808 0.999996 -0.00114498 
1 0.000466624 0.00021144 1 -0.000465841 0.999993 -0.00368794 -0.000465841 -0.00021316 0.00368784 0.999993 -0.00021316 
0.999998 0.00107848 0.0017921 0.999998 -0.00107066 0.99999 -0.00435854 -0.00107066 -0.00179678 0.00435662 0.999989 -0.00179678 
0.999998 0.000225427 0.002062 0.999998 -0.000218068 0.999994 -0.00356846 -0.000218068 -0.00206279 0.003568 0.999992 -0.00206279 
0.999993 0.00321625 0.00175355 0.999993 -0.00321182 0.999992 -0.00252145 -0.00321182 -0.00176164 0.0025158 0.999995 -0.00176164 
0.999998 0.000148571 0.00205682 0.999998 -0.000146454 0.999999 -0.00102947 -0.000146454 -0.00205697 0.00102917 0.999997 -0.00205697 
0.999987 0.00378161 0.0033948 0.999987 -0.00377779 0.999992 -0.0011306 -0.00377779 -0.00339905 0.00111776 0.999994 -0.00339905 
0.999999 0.000309172 0.00156069 0.999999 -0.000307939 1 -0.000790157 -0.000307939 -0.00156093 0.000789675 0.999998 -0.00156093 
0.999999 0.0013439 0.000457301 0.999999 -0.0013437 0.999999 -0.000424658 -0.0013437 -0.000457872 0.000424043 1 -0.000457872 
0.999999 0.00114255 -0.000214601 0.999999 -0.00114281 0.999999 -0.0012169 -0.00114281 0.00021321 0.00121714 0.999999 0.00021321 
0.999999 -0.00112388 -0.000390209 0.999999 0.00112388 0.999999 -3.53855e-06 0.00112388 0.000390213 3.09999e-06 1 0.000390213 
0.999998 0.00203377 -4.1407e-05 0.999998 -0.00203375 0.999998 0.000273443 -0.00203375 4.19631e-05 -0.000273358 1 4.19631e-05 
0.999986 0.00525036 -0.000153679 0.999986 -0.00525019 0.999986 0.00103708 -0.00525019 0.000159122 -0.00103626 0.999999 0.000159122 
0.999998 0.00141806 -0.00141665 0.999998 -0.00142042 0.999998 -0.00166575 -0.00142042 0.00141429 0.00166776 0.999998 0.00141429 
0.999999 0.00118343 -0.000212966 0.999999 -0.00118361 0.999999 -0.000868712 -0.00118361 0.000211937 0.000868963 1 0.000211937 
1 0.000689841 -0.0006043 1 -0.000689122 0.999999 0.00118884 -0.000689122 0.000605119 -0.00118842 0.999999 0.000605119 
1 4.29051e-05 -9.0718e-05 1 -4.27531e-05 0.999999 0.00167579 -4.27531e-05 9.07898e-05 -0.00167579 0.999999 9.07898e-05 
0.999999 0.000526165 -0.00144785 0.999999 -0.000523168 0.999998 0.00206924 -0.000523168 0.00144893 -0.00206848 0.999997 0.00144893 
0.999996 -0.00132713 -0.00237888 0.999996 0.00132956 0.999999 0.00101846 0.00132956 0.00237752 -0.00102162 0.999997 0.00237752 
1 -0.000153725 -0.000387826 1 0.000154087 1 0.000934857 0.000154087 0.000387682 -0.000934917 0.999999 0.000387682 
0.999998 0.00149069 -0.00115086 0.999998 -0.00149027 0.999999 0.000364232 -0.00149027 0.0011514 -0.000362516 0.999999 0.0011514 
0.999996 0.00234975 -0.00179677 0.999996 -0.00234664 0.999996 0.00173053 -0.00234664 0.00180083 -0.00172631 0.999997 0.00180083 
0.999988 0.00101532 -0.00484823 0.999988 -0.00101789 0.999999 -0.000527277 -0.00101789 0.00484769 0.000532205 0.999988 0.00484769 
0.999997 -0.00109823 -0.00201463 0.999997 0.0011004 0.999999 0.00107588 0.0011004 0.00201345 -0.00107809 0.999997 0.00201345 
0.999987 0.00209962 -0.00465293 0.999987 -0.00209253 0.999997 0.00152652 -0.00209253 0.00465612 -0.00151676 0.999988 0.00465612 
0.999973 -0.000274453 -0.00735402 0.999973 0.000285938 0.999999 0.00156079 0.000285938 0.00735358 -0.00156285 0.999972 0.00735358 
0.999952 -0.0016472 -0.0096284 0.999952 0.00163979 0.999998 -0.000777707 0.00163979 0.00962966 0.000761881 0.999953 0.00962966 
0.999889 -0.00360214 -0.0144365 0.999889 0.00353453 0.999983 -0.00470652 0.00353453 0.0144532 0.00465498 0.999885 0.0144532 
0.999891 -0.00157208 -0.014655 0.999891 0.00147424 0.999977 -0.00668475 0.00147424 0.0146651 0.00666242 0.99987 0.0146651 
0.999855 0.00186987 -0.016954 0.999855 -0.00191371 0.999995 -0.00256958 -0.00191371 0.0169491 0.00260165 0.999853 0.0169491 
0.999835 0.000718173 -0.0181349 0.999835 -0.000721002 1 -0.000149447 -0.000721002 0.0181348 0.000162498 0.999836 0.0181348 
0.999778 -0.00138816 -0.0210072 0.999778 0.00136748 0.999999 -0.000998778 0.00136748 0.0210085 0.00096983 0.999779 0.0210085 
0.999735 -0.000996239 -0.0229999 0.999735 0.000965518 0.999999 -0.00134676 0.000965518 0.0230012 0.0013242 0.999735 0.0230012 
0.999674 0.000403566 -0.0255281 0.999674 -0.000469331 0.999997 -0.00257027 -0.000469331 0.0255269 0.00258142 0.999671 0.0255269 
0.999692 0.00227551 -0.0247062 0.999692 -0.00226511 0.999997 0.000448687 -0.00226511 0.0247072 -0.000392587 0.999695 0.0247072 
0.999652 0.00232525 -0.0262846 0.999652 -0.00225323 0.999994 0.00276917 -0.00225323 0.0262909 -0.00270898 0.999651 0.0262909 
0.999598 -9.11322e-05 -0.028363 0.999598 0.000146912 0.999998 0.00196457 0.000146912 0.0283628 -0.00196795 0.999596 0.0283628 
0.999635 0.0023437 -0.0269295 0.999635 -0.00229764 0.999996 0.00174119 -0.00229764 0.0269334 -0.00167868 0.999636 0.0269334 
0.999634 0.00233795 -0.0269508 0.999634 -0.0023436 0.999997 -0.000178267 -0.0023436 0.0269503 0.000241364 0.999637 0.0269503 
0.999645 0.00133925 -0.0266149 0.999645 -0.00135799 0.999999 -0.000686315 -0.00135799 0.026614 0.000722214 0.999646 0.026614 
0.999634 0.00330973 -0.0268676 0.999634 -0.0033403 0.999994 -0.00109281 -0.0033403 0.0268638 0.00118215 0.999638 0.0268638 
0.999683 0.0030474 -0.0249895 0.999683 -0.00306957 0.999995 -0.000848745 -0.00306957 0.0249868 0.000925183 0.999687 0.0249868 
0.999681 0.00223848 -0.0251575 0.999681 -0.00223173 0.999997 0.000296339 -0.00223173 0.0251581 -0.000240099 0.999683 0.0251581 
0.999683 0.00188333 -0.0250872 0.999683 -0.0018943 0.999998 -0.00041346 -0.0018943 0.0250864 0.000460851 0.999685 0.0250864 
0.999682 0.00236473 -0.0251005 0.999682 -0.00234772 0.999997 0.000707083 -0.00234772 0.0251021 -0.000647929 0.999685 0.0251021 
0.999664 0.00115304 -0.0259134 0.999664 -0.00112954 0.999999 0.000921385 -0.00112954 0.0259145 -0.000891805 0.999664 0.0259145 
0.99975 0.00352466 -0.0220752 0.99975 -0.00347544 0.999991 0.00226783 -0.00347544 0.022083 -0.00219054 0.999754 0.022083 
0.999735 0.00196805 -0.0229373 0.999735 -0.0019208 0.999996 0.00208188 -0.0019208 0.0229413 -0.00203727 0.999735 0.0229413 
0.999785 0.0018717 -0.0206383 0.999785 -0.00185051 0.999998 0.0010459 -0.00185051 0.0206402 -0.00100748 0.999786 0.0206402 
0.99982 0.000242592 -0.0189498 0.99982 -0.000232459 1 0.00053692 -0.000232459 0.0189499 -0.000532419 0.99982 0.0189499 
0.999836 -0.000330409 -0.0180796 0.999836 0.000354799 0.999999 0.00134587 0.000354799 0.0180791 -0.00135207 0.999836 0.0180791 
0.99981 -0.000450985 -0.0195022 0.99981 0.000460412 1 0.000478882 0.000460412 0.0195019 -0.00048777 0.99981 0.0195019 
0.999822 0.00151174 -0.0188061 0.999822 -0.00149418 0.999998 0.000947803 -0.00149418 0.0188075 -0.000919535 0.999823 0.0188075 
0.999829 0.000519232 -0.0185041 0.999829 -0.000516385 1 0.000158648 -0.000516385 0.0185042 -0.000149066 0.999829 0.0185042 
0.999821 0.00107125 -0.0188924 0.999821 -0.00106356 0.999999 0.000417358 -0.00106356 0.0188928 -0.00039719 0.999821 0.0188928 
0.999819 0.00356084 -0.0186657 0.999819 -0.00358268 0.999993 -0.00113699 -0.00358268 0.0186615 0.00120366 0.999825 0.0186615 
0.999841 0.00124011 -0.017804 0.999841 -0.00127055 0.999998 -0.00169837 -0.00127055 0.0178018 0.00172072 0.99984 0.0178018 
0.99983 0.000147098 -0.0184409 0.99983 -0.000115423 0.999999 0.0017187 -0.000115423 0.0184411 -0.00171628 0.999828 0.0184411 
0.999842 0.0010155 -0.0177674 0.999842 -0.000980424 0.999998 0.00198255 -0.000980424 0.0177694 -0.00196481 0.99984 0.0177694 
0.999841 0.00121051 -0.0177766 0.999841 -0.00114494 0.999993 0.00369794 -0.00114494 0.017781 -0.003677 0.999835 0.017781 
0.999801 -0.00136653 -0.0198896 0.999801 0.00141383 0.999996 0.0023642 0.00141383 0.0198863 -0.00239185 0.999799 0.0198863 
0.999786 -0.0033147 -0.020404 0.999786 0.00336955 0.999991 0.00265424 0.00336955 0.020395 -0.00272243 0.999788 0.020395 
0.999785 -0.000955361 -0.0207352 0.999785 0.000970669 0.999999 0.00072824 0.000970669 0.0207345 -0.00074821 0.999785 0.0207345 
0.999763 0.00120331 -0.0217257 0.999763 -0.00125524 0.999996 -0.00237706 -0.00125524 0.0217227 0.00240376 0.999761 0.0217227 
0.999725 0.000956749 -0.0234253 0.999725 -0.00101221 0.999997 -0.00235565 -0.00101221 0.0234229 0.00237872 0.999723 0.0234229 
0.999695 -0.000311676 -0.0247067 0.999695 0.000278025 0.999999 -0.00136543 0.000278025 0.0247071 0.00135814 0.999694 0.0247071 
0.999622 -0.00152659 -0.0274524 0.999622 0.00145686 0.999996 -0.00255994 0.00145686 0.0274562 0.00251898 0.99962 0.0274562 
0.999618 0.00215542 -0.0275499 0.999618 -0.00214829 0.999998 0.000288602 -0.00214829 0.0275505 -0.000229306 0.99962 0.0275505 
0.999633 0.00342056 -0.0268559 0.999633 -0.00340087 0.999994 0.000778971 -0.00340087 0.0268584 -0.000687352 0.999639 0.0268584 
0.99963 0.00255992 -0.0270654 0.99963 -0.00256026 0.999997 2.19437e-05 -0.00256026 0.0270653 4.73588e-05 0.999634 0.0270653 
0.999647 0.00335805 -0.0263628 0.999647 -0.00337561 0.999994 -0.000621636 -0.00337561 0.0263606 0.000710407 0.999652 0.0263606 
0.999673 0.00375764 -0.0252948 0.999673 -0.00377864 0.999993 -0.000782419 -0.00377864 0.0252917 0.000877744 0.99968 0.0252917 
0.999698 0.0023259 -0.024475 0.999698 -0.00233174 0.999997 -0.000209723 -0.00233174 0.0244745 0.000266729 0.9997 0.0244745 
0.999725 0.000457688 -0.023435 0.999725 -0.000428042 0.999999 0.00127 -0.000428042 0.0234356 -0.00125962 0.999725 0.0234356 
0.999781 0.00286892 -0.0207459 0.999781 -0.00285629 0.999996 0.000638146 -0.00285629 0.0207477 -0.000578749 0.999785 0.0207477 
0.999806 0.0024277 -0.0195621 0.999806 -0.00245555 0.999996 -0.00139971 -0.00245555 0.0195586 0.00144747 0.999808 0.0195586 
0.999805 0.00113609 -0.0197296 0.999805 -0.0011882 0.999996 -0.0026296 -0.0011882 0.0197266 0.00265253 0.999802 0.0197266 
