0.999944 0.00372354 -0.0098743 0.999944 -0.00373778 0.999992 -0.00142401 -0.00373778 0.00986892 0.00146084 0.99995 0.00986892 
0.999977 0.00209762 -0.00645795 0.999977 -0.00209822 0.999998 -8.60093e-05 -0.00209822 0.00645775 9.95575e-05 0.999979 0.00645775 
0.999994 0.00263441 -0.00235595 0.999994 -0.00263126 0.999996 0.00133996 -0.00263126 0.00235947 -0.00133375 0.999996 0.00235947 
0.999998 0.00152639 0.0015956 0.999998 -0.00152863 0.999998 0.00140528 -0.00152863 -0.00159345 -0.00140771 0.999998 -0.00159345 
0.999963 0.00261199 0.00813931 0.999963 -0.00261995 0.999996 0.000967375 -0.00261995 -0.00813675 -0.000988665 0.999966 -0.00813675 
0.999917 0.00199478 0.0127035 0.999917 -0.00202259 0.999996 0.00217677 -0.00202259 -0.0126991 -0.00220228 0.999917 -0.0126991 
0.99985 -0.000804746 0.0172896 0.99985 0.000797613 1 0.000419465 0.000797613 -0.0172899 -0.000405612 0.99985 -0.0172899 
0.999814 -0.0045253 0.0187579 0.999814 0.00453125 0.99999 -0.000274748 0.00453125 -0.0187564 0.000359694 0.999824 -0.0187564 
0.999793 -0.00284833 0.020138 0.999793 0.00285373 0.999996 -0.000239093 0.00285373 -0.0201372 0.000296511 0.999797 -0.0201372 
0.999786 -0.000737111 0.0206651 0.999786 0.000714415 0.999999 0.00110563 0.000714415 -0.0206659 -0.00109063 0.999786 -0.0206659 
0.999792 0.000763804 0.0203815 0.999792 -0.000756908 1 -0.000346055 -0.000756908 -0.0203817 0.000330556 0.999792 -0.0203817 
0.999772 0.00149417 0.0212977 0.999772 -0.00147883 0.999999 -0.000736058 -0.00147883 -0.0212987 0.000704395 0.999773 -0.0212987 
0.999849 -0.00107968 0.0173339 0.999849 0.00109602 0.999999 -0.000933133 0.00109602 -0.0173329 0.000951991 0.999849 -0.0173329 
0.999854 -0.00129521 0.0170418 0.999854 0.00130254 0.999999 -0.000418815 0.00130254 -0.0170412 0.000440952 0.999855 -0.0170412 
0.999914 -0.00019626 0.0131411 0.999914 0.000201641 1 -0.000408182 0.000201641 -0.013141 0.000410797 0.999914 -0.013141 
0.999927 0.00182946 0.01198 0.999927 -0.00183572 0.999998 0.000511064 -0.00183572 -0.011979 -0.000533018 0.999928 -0.011979 
0.999945 0.00330868 0.00990541 0.999945 -0.00333144 0.999992 0.00228254 -0.00333144 -0.00989778 -0.00231542 0.999948 -0.00989778 
0.999968 -0.00142516 0.00781533 0.999968 0.00141084 0.999997 0.00183787 0.00141084 -0.00781793 -0.00182679 0.999968 -0.00781793 
0.999969 -0.000150347 0.0078737 0.999969 0.000138216 0.999999 0.0015412 0.000138216 -0.00787392 -0.00154007 0.999968 -0.00787392 
0.999967 6.03213e-05 0.00817088 0.999967 -8.25547e-05 0.999996 0.00272074 -8.25547e-05 -0.00817069 -0.00272133 0.999963 -0.00817069 
0.99996 0.00364951 0.00815755 0.99996 -0.00366289 0.999992 0.00162622 -0.00366289 -0.00815155 -0.00165604 0.999965 -0.00815155 
0.999949 0.006393 0.00780381 0.999949 -0.00640099 0.999979 0.000999225 -0.00640099 -0.00779726 -0.00104913 0.999969 -0.00779726 
0.999962 0.000190777 0.00876233 0.999962 -0.000207401 0.999998 0.00189636 -0.000207401 -0.00876195 -0.00189811 0.99996 -0.00876195 
0.999951 -0.00455807 0.00878136 0.999951 0.00452421 0.999982 0.00387175 0.00452421 -0.00879885 -0.00383183 0.999954 -0.00879885 
0.999952 -0.00365623 0.00912585 0.999952 0.00363039 0.999989 0.00284617 0.00363039 -0.00913616 -0.00281291 0.999954 -0.00913616 
0.999949 0.00215099 0.00987451 0.999949 -0.00217293 0.999995 0.00221201 -0.00217293 -0.00986971 -0.00223335 0.999949 -0.00986971 
0.999958 0.00261319 0.00875095 0.999958 -0.00262998 0.999995 0.00190816 -0.00262998 -0.00874592 -0.00193109 0.99996 -0.00874592 
0.99997 -0.000571478 0.00772658 0.99997 0.000555771 0.999998 0.00203483 0.000555771 -0.00772772 -0.00203048 0.999968 -0.00772772 
0.999937 -0.0021451 0.0109849 0.999937 0.00209669 0.999988 0.00441641 0.00209669 -0.0109942 -0.0043931 0.99993 -0.0109942 
0.999964 -0.000500501 0.00847941 0.999964 0.000456115 0.999986 0.00523569 0.000456115 -0.00848191 -0.00523163 0.99995 -0.00848191 
0.999982 -0.000829899 0.00593475 0.999982 0.000785494 0.999972 0.0074806 0.000785494 -0.00594079 -0.0074758 0.999954 -0.00594079 
0.999988 -0.00214148 0.00442179 0.999988 0.00210505 0.999964 0.00822853 0.00210505 -0.00443925 -0.00821913 0.999956 -0.00443925 
0.999984 -0.00348589 0.00451017 0.999984 0.00344514 0.999953 0.00901147 0.00344514 -0.00454137 -0.00899578 0.999949 -0.00454137 
0.999981 -0.0036677 0.00503592 0.999981 0.00362181 0.999952 0.00909048 0.00362181 -0.00506902 -0.00907207 0.999946 -0.00506902 
0.999989 -0.00237967 0.00411065 0.999989 0.00235137 0.999974 0.00687567 0.00235137 -0.00412691 -0.00686593 0.999968 -0.00412691 
0.999983 -0.00357343 0.00466402 0.999983 0.00354449 0.999975 0.00619948 0.00354449 -0.00468606 -0.00618284 0.99997 -0.00468606 
0.999984 -0.00318485 0.00474317 0.999984 0.00315743 0.999978 0.00577649 0.00315743 -0.00476146 -0.00576142 0.999972 -0.00476146 
0.999979 -0.00396781 0.00521222 0.999979 0.00393935 0.999977 0.00545927 0.00393935 -0.00523377 -0.00543862 0.999972 -0.00523377 
0.999958 -0.00635028 0.00665877 0.999958 0.00632286 0.999971 0.0041302 0.00632286 -0.00668481 -0.00408792 0.999969 -0.00668481 
0.999985 -0.00140252 0.00532983 0.999985 0.00139479 0.999998 0.00145305 0.00139479 -0.00533185 -0.00144559 0.999985 -0.00533185 
0.999979 0.000130544 0.00647798 0.999979 -0.000125124 1 -0.000836991 -0.000125124 -0.00647809 0.000836163 0.999979 -0.00647809 
0.999979 -0.000523341 0.00649357 0.999979 0.000531603 0.999999 -0.00127068 0.000531603 -0.0064929 0.0012741 0.999978 -0.0064929 
0.999974 0.00143404 0.00713225 0.999974 -0.00142129 0.999997 -0.00179248 -0.00142129 -0.00713481 0.00178229 0.999973 -0.00713481 
0.999963 -0.000824881 0.00859375 0.999963 0.000847808 0.999996 -0.00266454 0.000847808 -0.00859152 0.00267173 0.99996 -0.00859152 
0.999961 0.00054903 0.00876397 0.999961 -0.000497397 0.999983 -0.00589251 -0.000497397 -0.00876705 0.00588792 0.999944 -0.00876705 
0.999954 -0.00165384 0.00944016 0.999954 0.001699 0.999987 -0.00477734 0.001699 -0.00943214 0.00479316 0.999944 -0.00943214 
0.999957 -0.00218733 0.00899811 0.999957 0.00222335 0.99999 -0.00399595 0.00222335 -0.00898928 0.00401578 0.999952 -0.00898928 
0.999965 -6.89873e-05 0.00836295 0.999965 8.76919e-05 0.999997 -0.00223626 8.76919e-05 -0.00836277 0.00223692 0.999963 -0.00836277 
0.999951 4.03976e-05 0.00986485 0.999951 -3.79095e-05 1 -0.000252398 -3.79095e-05 -0.00986486 0.000252011 0.999951 -0.00986486 
0.999956 0.00189013 0.00916532 0.999956 -0.00187729 0.999997 -0.001409 -0.00187729 -0.00916796 0.00139174 0.999957 -0.00916796 
0.999954 -0.000548346 0.00955782 0.999954 0.000561092 0.999999 -0.00133093 0.000561092 -0.00955708 0.00133623 0.999953 -0.00955708 
0.999961 0.00173747 0.00867405 0.999961 -0.00172047 0.999997 -0.00196679 -0.00172047 -0.00867744 0.00195179 0.99996 -0.00867744 
0.999962 0.00124884 0.00857377 0.999962 -0.00121354 0.999991 -0.00412174 -0.00121354 -0.00857883 0.00411118 0.999955 -0.00857883 
0.99996 0.0016978 0.00881159 0.99996 -0.00164894 0.999983 -0.00555001 -0.00164894 -0.00882087 0.00553525 0.999946 -0.00882087 
0.999959 0.00390617 0.00822197 0.999959 -0.00387062 0.999983 -0.00433564 -0.00387062 -0.00823877 0.00430363 0.999957 -0.00823877 
0.999967 0.00163293 0.00793739 0.999967 -0.00162007 0.999997 -0.00162603 -0.00162007 -0.00794003 0.00161312 0.999967 -0.00794003 
0.999971 0.00243108 0.00717345 0.999971 -0.00242428 0.999997 -0.00095648 -0.00242428 -0.00717575 0.000939062 0.999974 -0.00717575 
0.999986 -0.00183302 0.00500178 0.999986 0.00184332 0.999996 -0.00205444 0.00184332 -0.00499799 0.00206363 0.999985 -0.00499799 
0.999982 0.00235407 0.00557126 0.999982 -0.00234604 0.999996 -0.00144822 -0.00234604 -0.00557464 0.00143512 0.999983 -0.00557464 
0.999983 0.000706895 0.00581671 0.999983 -0.000707926 1 0.000175232 -0.000707926 -0.00581658 -0.000179346 0.999983 -0.00581658 
0.999987 0.000604086 0.0049685 0.999987 -0.000608057 0.999999 0.000797742 -0.000608057 -0.00496801 -0.000800753 0.999987 -0.00496801 
0.999995 -0.000142328 0.00324155 0.999995 0.000140933 1 0.000430717 0.000140933 -0.00324161 -0.000430258 0.999995 -0.00324161 
0.999999 0.000625638 0.00101894 0.999999 -0.000624751 0.999999 -0.00087095 -0.000624751 -0.00101948 0.000870312 0.999999 -0.00101948 
0.999996 0.00192192 0.00194389 0.999996 -0.00191839 0.999997 -0.00181793 -0.00191839 -0.00194738 0.0018142 0.999996 -0.00194738 
0.999998 0.00197627 0.00088583 0.999998 -0.00197563 0.999998 -0.000722319 -0.00197563 -0.000887256 0.000720567 0.999999 -0.000887256 
0.999999 0.00164867 0.000246543 0.999999 -0.00164879 0.999999 0.000501088 -0.00164879 -0.000245716 -0.000501494 1 -0.000245716 
0.999989 0.00257453 0.00398958 0.999989 -0.00257946 0.999996 0.00123197 -0.00257946 -0.00398639 -0.00124225 0.999991 -0.00398639 
0.999994 0.000715519 0.00337746 0.999994 -0.00070911 0.999998 -0.00189847 -0.00070911 -0.00337882 0.00189607 0.999992 -0.00337882 
0.99999 0.000678432 0.00437186 0.99999 -0.000663534 0.999994 -0.00340846 -0.000663534 -0.00437415 0.00340552 0.999985 -0.00437415 
0.999978 0.00305086 0.00586194 0.999978 -0.0030267 0.999987 -0.00412605 -0.0030267 -0.00587445 0.00410822 0.999974 -0.00587445 
0.999961 0.00254781 0.0084472 0.999961 -0.00252944 0.999994 -0.00218501 -0.00252944 -0.00845272 0.00216356 0.999962 -0.00845272 
0.999944 0.00348381 0.0100256 0.999944 -0.00350489 0.999992 0.00208578 -0.00350489 -0.0100183 -0.00212081 0.999948 -0.0100183 
0.999939 0.00165547 0.0108848 0.999939 -0.0016922 0.999993 0.00336608 -0.0016922 -0.0108792 -0.0033843 0.999935 -0.0108792 
0.999948 0.000877672 0.0101422 0.999948 -0.000867338 0.999999 -0.00102319 -0.000867338 -0.0101431 0.00101434 0.999948 -0.0101431 
0.999937 -0.00116348 0.011195 0.999937 0.00121825 0.999987 -0.00488612 0.00121825 -0.0111892 0.00489945 0.999925 -0.0111892 
0.999963 -0.00252869 0.00827545 0.999963 0.00256709 0.999986 -0.00463316 0.00256709 -0.00826362 0.00465423 0.999955 -0.00826362 
0.999965 -0.00297594 0.00779755 0.999965 0.00295806 0.999993 0.00230316 0.00295806 -0.00780435 -0.00228001 0.999967 -0.00780435 
0.999981 0.000935179 0.00614557 0.999981 -0.000957588 0.999993 0.00364443 -0.000957588 -0.00614211 -0.00365024 0.999974 -0.00614211 
0.999976 -0.0037454 0.00587238 0.999976 0.00370142 0.999965 0.00748148 0.00370142 -0.0059002 -0.00745957 0.999955 -0.0059002 
0.999979 0.000942933 0.00635587 0.999979 -0.000952245 0.999998 0.00146228 -0.000952245 -0.00635448 -0.0014683 0.999979 -0.00635448 
0.999977 0.00307238 0.00599295 0.999977 -0.00304465 0.999985 -0.00463167 -0.00304465 -0.00600709 0.00461332 0.999971 -0.00600709 
0.999982 0.001103 0.00590429 0.999982 -0.00107374 0.999987 -0.0049555 -0.00107374 -0.00590968 0.00494907 0.99997 -0.00590968 
0.999991 -9.67947e-05 0.00419297 0.999991 0.000113177 0.999992 -0.00390698 0.000113177 -0.00419256 0.00390742 0.999984 -0.00419256 
0.999989 -0.00245642 0.00398887 0.999989 0.00245529 0.999997 0.000288714 0.00245529 -0.00398957 -0.000278917 0.999992 -0.00398957 
0.999985 0.000729002 0.0053795 0.999985 -0.000736969 0.999999 0.00147914 -0.000736969 -0.00537842 -0.00148308 0.999984 -0.00537842 
0.999974 0.000517732 0.0072362 0.999974 -0.000541941 0.999994 0.00334398 -0.000541941 -0.00723443 -0.00334781 0.999968 -0.00723443 
0.999967 0.00162581 0.00794684 0.999967 -0.00162992 0.999999 0.000511699 -0.00162992 -0.00794599 -0.000524634 0.999968 -0.00794599 
0.999973 9.64499e-05 0.00729999 0.999973 -9.12615e-05 1 -0.000711076 -9.12615e-05 -0.00730006 0.000710391 0.999973 -0.00730006 
0.999964 0.00018396 0.00846243 0.999964 -0.000181318 1 -0.000312918 -0.000181318 -0.00846249 0.000311372 0.999964 -0.00846249 
0.999954 0.00174384 0.00943577 0.999954 -0.00175614 0.999998 0.00129457 -0.00175614 -0.00943349 -0.00131108 0.999955 -0.00943349 
0.999966 0.000558842 0.00826306 0.999966 -0.000568081 0.999999 0.0011157 -0.000568081 -0.00826243 -0.00112035 0.999965 -0.00826243 
0.999958 0.00113875 0.00905923 0.999958 -0.0011494 0.999999 0.00117044 -0.0011494 -0.00905788 -0.0011808 0.999958 -0.00905788 
0.999965 0.00264538 0.00790424 0.999965 -0.00265017 0.999996 0.000595072 -0.00265017 -0.00790264 -0.000615999 0.999969 -0.00790264 
0.999952 0.00157263 0.00969087 0.999952 -0.00158685 0.999998 0.00145965 -0.00158685 -0.00968855 -0.00147496 0.999952 -0.00968855 
0.999974 -0.00105477 0.0071095 0.999974 0.00104843 0.999999 0.000895376 0.00104843 -0.00711043 -0.000887899 0.999974 -0.00711043 
0.999961 0.000665336 0.00882088 0.999961 -0.000647232 0.999998 -0.00205505 -0.000647232 -0.00882223 0.00204926 0.999959 -0.00882223 
0.999949 0.001999 0.0099367 0.999949 -0.00199589 0.999998 -0.000323723 -0.00199589 -0.00993733 0.000303874 0.999951 -0.00993733 
0.999958 0.00114669 0.0090786 0.999958 -0.00114194 0.999999 -0.000528029 -0.00114194 -0.0090792 0.00051764 0.999959 -0.0090792 
0.999908 0.000946041 0.0135333 0.999908 -0.000979063 0.999997 0.00243359 -0.000979063 -0.013531 -0.00244662 0.999905 -0.013531 
0.999943 0.000482768 0.0106591 0.999943 -0.000489324 1 0.000612486 -0.000489324 -0.0106588 -0.000617667 0.999943 -0.0106588 
0.999971 -0.00046808 0.00761196 0.999971 0.000474799 0.999999 -0.000880843 0.000474799 -0.00761154 0.000884432 0.999971 -0.00761154 
0.999979 -0.000272982 0.00654425 0.999979 0.000273197 1 -3.19394e-05 0.000273197 -0.00654424 3.37266e-05 0.999979 -0.00654424 
0.999978 8.84009e-05 0.00662908 0.999978 -9.62549e-05 0.999999 0.00118447 -9.62549e-05 -0.00662897 -0.00118508 0.999977 -0.00662897 
0.999972 0.00034055 0.00750284 0.999972 -0.000361201 0.999996 0.00275128 -0.000361201 -0.00750187 -0.00275391 0.999968 -0.00750187 
0.999979 0.000396751 0.0064351 0.999979 -0.00041368 0.999996 0.00262952 -0.00041368 -0.00643404 -0.00263213 0.999976 -0.00643404 
0.999976 -3.01522e-05 0.00696049 0.999976 2.57851e-05 1 0.000627505 2.57851e-05 -0.00696051 -0.000627311 0.999976 -0.00696051 
0.999965 -1.30359e-05 0.00841741 0.999965 1.73446e-05 1 -0.000511807 1.73446e-05 -0.0084174 0.000511935 0.999964 -0.0084174 
0.999983 0.00148924 0.00558951 0.999983 -0.00148335 0.999998 -0.00105889 -0.00148335 -0.00559108 0.00105059 0.999984 -0.00559108 
0.999972 0.00188034 0.00721495 0.999972 -0.00188356 0.999998 0.000439647 -0.00188356 -0.00721411 -0.000453225 0.999974 -0.00721411 
0.999972 0.00120422 0.00739423 0.999972 -0.0012057 0.999999 0.000194956 -0.0012057 -0.00739399 -0.000203865 0.999973 -0.00739399 
0.99998 -0.00138764 0.00609491 0.99998 0.00138393 0.999999 0.000612122 0.00138393 -0.00609575 -0.000603675 0.999981 -0.00609575 
0.999984 0.00104246 0.00552674 0.999984 -0.00104508 0.999999 0.000470725 -0.00104508 -0.00552625 -0.000476493 0.999985 -0.00552625 
0.999987 0.00236968 0.00445319 0.999987 -0.00237321 0.999997 0.000788249 -0.00237321 -0.00445131 -0.000798807 0.99999 -0.00445131 
0.999979 0.00322175 0.00568275 0.999979 -0.00324032 0.999989 0.00326089 -0.00324032 -0.00567219 -0.00327924 0.999979 -0.00567219 
0.99997 0.00418586 0.00652448 0.99997 -0.00420004 0.999989 0.00216179 -0.00420004 -0.00651536 -0.00218913 0.999976 -0.00651536 
0.99993 0.00668769 0.00972069 0.99993 -0.00668313 0.999978 -0.000501401 -0.00668313 -0.00972383 0.000436402 0.999953 -0.00972383 
0.999928 0.00581749 0.0105298 0.999928 -0.00582147 0.999983 0.000346866 -0.00582147 -0.0105276 -0.00040814 0.999944 -0.0105276 
0.999925 0.00246285 0.0119705 0.999925 -0.00244758 0.999996 -0.00129048 -0.00244758 -0.0119736 0.00126109 0.999928 -0.0119736 
0.999946 0.000867157 0.0103756 0.999946 -0.000837062 0.999995 -0.00290454 -0.000837062 -0.0103781 0.0028957 0.999942 -0.0103781 
0.999934 0.000884246 0.0114607 0.999934 -0.000875285 0.999999 -0.000786839 -0.000875285 -0.0114614 0.000776755 0.999934 -0.0114614 
0.999916 -0.00056392 0.0129627 0.999916 0.000541545 0.999998 0.00172957 0.000541545 -0.0129637 -0.0017224 0.999914 -0.0129637 
0.999917 0.00124056 0.0128265 0.999917 -0.00126132 0.999998 0.00161069 -0.00126132 -0.0128245 -0.00162673 0.999916 -0.0128245 
0.999929 0.00119216 0.0118506 0.999929 -0.0012101 0.999998 0.00150701 -0.0012101 -0.0118488 -0.00152124 0.999929 -0.0118488 
0.999902 0.00296963 0.0136889 0.999902 -0.00295313 0.999995 -0.00122491 -0.00295313 -0.0136925 0.00118436 0.999906 -0.0136925 
0.999925 0.00306776 0.0118181 0.999925 -0.00304808 0.999994 -0.00168233 -0.00304808 -0.0118232 0.00164618 0.999929 -0.0118232 
0.999932 0.00073654 0.0116628 0.999932 -0.000735907 1 -5.86387e-05 -0.000735907 -0.0116628 5.0052e-05 0.999932 -0.0116628 
0.999931 -0.000832186 0.0117045 0.999931 0.000818751 0.999999 0.00115257 0.000818751 -0.0117055 -0.0011429 0.999931 -0.0117055 
0.999885 -0.000506917 0.0151247 0.999885 0.000485128 0.999999 0.00144426 0.000485128 -0.0151254 -0.00143675 0.999885 -0.0151254 
0.999935 -0.00132542 0.0113557 0.999935 0.00130697 0.999998 0.00163227 0.00130697 -0.0113578 -0.00161732 0.999934 -0.0113578 
0.999935 0.000311381 0.0114137 0.999935 -0.000308618 1 -0.000243823 -0.000308618 -0.0114137 0.000240285 0.999935 -0.0114137 
0.999949 0.00182793 0.00991433 0.999949 -0.0018064 0.999996 -0.00217993 -0.0018064 -0.00991827 0.00216191 0.999948 -0.00991827 
0.999961 0.00213605 0.00855376 0.999961 -0.00211479 0.999995 -0.00249348 -0.00211479 -0.00855904 0.0024753 0.99996 -0.00855904 
0.99996 0.00131715 0.00880643 0.99996 -0.00131783 0.999999 7.05081e-05 -0.00131783 -0.00880633 -8.21106e-05 0.999961 -0.00880633 
0.999967 0.00292073 0.00757623 0.999967 -0.00293555 0.999994 0.00194536 -0.00293555 -0.0075705 -0.00196754 0.999969 -0.0075705 
0.999959 0.00361928 0.00830323 0.999959 -0.00365015 0.999986 0.00370553 -0.00365015 -0.0082897 -0.00373569 0.999959 -0.0082897 
0.999988 0.00370341 -0.00328197 0.999988 -0.00369704 0.999991 0.0019456 -0.00369704 0.00328914 -0.00193344 0.999993 0.00328914 
0.99994 0.00460064 0.00996568 0.99994 -0.00462857 0.999985 0.00278077 -0.00462857 -0.00995274 -0.00282673 0.999946 -0.00995274 
0.999979 0.00354424 0.00539689 0.999979 -0.00354052 0.999993 -0.000699251 -0.00354052 -0.00539934 0.000680128 0.999985 -0.00539934 
0.999983 0.00144136 0.00565897 0.999983 -0.00141596 0.999989 -0.00448906 -0.00141596 -0.00566538 0.00448097 0.999974 -0.00566538 
0.999979 0.00517624 0.00400627 0.999979 -0.00515913 0.999978 -0.00427069 -0.00515913 -0.00402829 0.00424993 0.999983 -0.00402829 
0.999993 0.000499949 0.00370334 0.999993 -0.000493672 0.999998 -0.00169573 -0.000493672 -0.00370418 0.00169389 0.999992 -0.00370418 
0.99999 0.00260495 0.00369314 0.99999 -0.00260273 0.999996 -0.000604919 -0.00260273 -0.0036947 0.000595301 0.999993 -0.0036947 
0.999991 0.00154395 0.00390169 0.999991 -0.0015355 0.999996 -0.00216923 -0.0015355 -0.00390502 0.00216322 0.99999 -0.00390502 
0.999998 -0.000156514 0.00198948 0.999998 0.00015965 0.999999 -0.00157611 0.00015965 -0.00198923 0.00157643 0.999997 -0.00198923 
0.999994 0.00186368 0.00274934 0.999994 -0.00186425 0.999998 0.000203575 -0.00186425 -0.00274896 -0.000208699 0.999996 -0.00274896 
0.999994 0.000910607 0.0032488 0.999994 -0.00090615 0.999999 -0.00137321 -0.00090615 -0.00325004 0.00137026 0.999994 -0.00325004 
0.999991 0.00312191 0.00300902 0.999991 -0.00311218 0.99999 -0.00323293 -0.00311218 -0.00301909 0.00322353 0.99999 -0.00301909 
0.999999 0.000112319 0.00129481 0.999999 -0.000109449 0.999998 -0.00221613 -0.000109449 -0.00129505 0.00221599 0.999997 -0.00129505 
0.999999 0.00151697 0.000612011 0.999999 -0.00151659 0.999999 -0.0006253 -0.00151659 -0.000612958 0.000624371 1 -0.000612958 
0.999989 0.000288701 -0.00470313 0.999989 -0.000288063 1 0.000136263 -0.000288063 0.00470316 -0.000134906 0.999989 0.00470316 
0.999989 8.17873e-05 -0.00458275 0.999989 -7.00685e-05 0.999997 0.00255725 -7.00685e-05 0.00458295 -0.0025569 0.999986 0.00458295 
1 9.01336e-05 -0.000372347 1 -8.90658e-05 0.999996 0.00286689 -8.90658e-05 0.000372604 -0.00286686 0.999996 0.000372604 
0.999999 0.000333516 0.00145269 0.999999 -0.000338938 0.999993 0.00373376 -0.000338938 -0.00145143 -0.00373425 0.999992 -0.00145143 
0.999986 -0.00263083 -0.00467093 0.999986 0.0026384 0.999995 0.00161436 0.0026384 0.00466666 -0.00162666 0.999988 0.00466666 
0.999994 -0.000155083 -0.00334504 0.999994 0.000166527 0.999994 0.00342139 0.000166527 0.00334449 -0.00342193 0.999989 0.00334449 
0.999953 0.00216257 -0.0094485 0.999953 -0.00214212 0.999995 0.00217395 -0.00214212 0.00945315 -0.00215361 0.999953 0.00945315 
0.99998 -0.00196765 -0.0060405 0.99998 0.00196272 0.999998 -0.000821944 0.00196272 0.00604211 0.000810072 0.999981 0.00604211 
0.999975 -0.000580199 -0.00704362 0.999975 0.000589384 0.999999 0.00130198 0.000589384 0.00704286 -0.0013061 0.999974 0.00704286 
0.999965 -0.00202452 -0.00806443 0.999965 0.00202521 0.999998 7.78627e-05 0.00202521 0.00806426 -9.41922e-05 0.999967 0.00806426 
0.999952 0.000185899 -0.00975625 0.999952 -0.000176083 0.999999 0.00100701 -0.000176083 0.00975644 -0.00100524 0.999952 0.00975644 
0.999926 -0.00196313 -0.011969 0.999926 0.00198366 0.999997 0.00170343 0.00198366 0.0119656 -0.00172705 0.999927 0.0119656 
0.999938 -0.00394977 -0.0104538 0.999938 0.00398214 0.999987 0.00307764 0.00398214 0.0104415 -0.00311908 0.999941 0.0104415 
0.999923 -0.00263814 -0.0121064 0.999923 0.00266575 0.999994 0.00226477 0.00266575 0.0121003 -0.00229687 0.999924 0.0121003 
0.999888 -0.00311928 -0.0146069 0.999888 0.00311832 0.999995 -8.89219e-05 0.00311832 0.0146071 4.3363e-05 0.999893 0.0146071 
0.999725 -0.00262055 -0.0233168 0.999725 0.00261241 0.999997 -0.000379359 0.00261241 0.0233177 0.000318342 0.999728 0.0233177 
0.999849 -0.00180275 -0.0172893 0.999849 0.00175962 0.999995 -0.00250963 0.00175962 0.0172938 0.00247882 0.999847 0.0172938 
0.999917 -0.000520629 -0.0129108 0.999917 0.00051651 1 -0.000322436 0.00051651 0.0129109 0.00031574 0.999917 0.0129109 
0.99989 -0.00139031 -0.0147761 0.99989 0.00139469 0.999999 0.000285724 0.00139469 0.0147757 -0.000306301 0.999891 0.0147757 
0.999903 3.08905e-05 -0.0139163 0.999903 -1.24398e-05 0.999999 0.00132592 -1.24398e-05 0.0139163 -0.00132562 0.999902 0.0139163 
0.999904 0.00141571 -0.0137929 0.999904 -0.00139971 0.999998 0.00116959 -0.00139971 0.0137946 -0.00115017 0.999904 0.0137946 
0.999914 0.000294193 -0.013085 0.999914 -0.000291785 1 0.000185871 -0.000291785 0.013085 -0.000182037 0.999914 0.013085 
0.999903 -0.00132188 -0.013883 0.999903 0.00130164 0.999998 -0.00146678 0.00130164 0.013885 0.00144857 0.999903 0.013885 
0.999911 -0.000188806 -0.0133196 0.999911 0.000142054 0.999994 -0.00351091 0.000142054 0.0133202 0.00350871 0.999905 0.0133202 
0.999874 -0.00205884 -0.0157305 0.999874 0.00203509 0.999997 -0.00152578 0.00203509 0.0157336 0.00149357 0.999875 0.0157336 
0.999938 -0.00293432 -0.0107867 0.999938 0.0029458 0.999995 0.0010485 0.0029458 0.0107836 -0.00108021 0.999941 0.0107836 
0.999867 -0.00210861 -0.016163 0.999867 0.00213684 0.999996 0.00172921 0.00213684 0.0161593 -0.00176352 0.999868 0.0161593 
0.999879 -0.00170291 -0.0154674 0.999879 0.00168228 0.999998 -0.00134679 0.00168228 0.0154697 0.0013206 0.999879 0.0154697 
0.999922 -0.000946957 -0.0124253 0.999922 0.000922734 0.999998 -0.00195506 0.000922734 0.0124271 0.00194344 0.999921 0.0124271 
0.999896 -0.000769509 -0.0144039 0.999896 0.000734549 0.999997 -0.0024323 0.000734549 0.0144058 0.00242146 0.999893 0.0144058 
0.999942 -0.000120008 -0.0107247 0.999942 0.000112881 1 -0.000665112 0.000112881 0.0107247 0.000663863 0.999942 0.0107247 
0.999938 -0.000862444 -0.0110609 0.999938 0.000873953 0.999999 0.00103575 0.000873953 0.01106 -0.00104535 0.999938 0.01106 
0.999945 -0.000940896 -0.0104855 0.999945 0.000936865 0.999999 -0.000389373 0.000936865 0.0104858 0.000379527 0.999945 0.0104858 
0.999952 -0.000867018 -0.00975367 0.999952 0.00084328 0.999997 -0.00243764 0.00084328 0.00975575 0.0024293 0.999949 0.00975575 
0.999956 -0.000554613 -0.00936614 0.999956 0.000535595 0.999998 -0.00203291 0.000535595 0.00936725 0.0020278 0.999954 0.00936725 
0.99994 -0.000875661 -0.0109223 0.99994 0.000867188 0.999999 -0.000780425 0.000867188 0.010923 0.000770906 0.99994 0.010923 
0.999937 -0.00167661 -0.0111289 0.999937 0.001674 0.999999 -0.000243304 0.001674 0.0111293 0.000224658 0.999938 0.0111293 
0.99993 -0.00291827 -0.0114604 0.99993 0.00290358 0.999995 -0.00129796 0.00290358 0.0114641 0.00126459 0.999933 0.0114641 
0.999924 -0.00116832 -0.0122846 0.999924 0.0011358 0.999996 -0.00265433 0.0011358 0.0122876 0.00264018 0.999921 0.0122876 
0.9999 -0.00257078 -0.0139293 0.9999 0.00252303 0.999991 -0.00344394 0.00252303 0.0139381 0.00340845 0.999897 0.0139381 
0.999876 -0.00192215 -0.0156389 0.999876 0.00190955 0.999998 -0.000820658 0.00190955 0.0156405 0.000790693 0.999877 0.0156405 
0.999899 -0.00237551 -0.0140253 0.999899 0.00238344 0.999997 0.000548836 0.00238344 0.0140239 -0.000582209 0.999901 0.0140239 
0.999871 -0.000158796 -0.0160889 0.999871 0.00019781 0.999997 0.00242332 0.00019781 0.0160885 -0.00242619 0.999868 0.0160885 
0.999861 -0.00117509 -0.0166344 0.999861 0.00116869 0.999999 -0.000394105 0.00116869 0.0166348 0.000374609 0.999862 0.0166348 
0.999845 -0.000991813 -0.017559 0.999845 0.000963096 0.999998 -0.00164384 0.000963096 0.0175606 0.00162667 0.999844 0.0175606 
0.999852 -0.000636038 -0.0171727 0.999852 0.000589921 0.999996 -0.00269038 0.000589921 0.0171744 0.00267985 0.999849 0.0171744 
0.999864 -0.000160958 -0.0164818 0.999864 0.000122367 0.999997 -0.00234245 0.000122367 0.0164821 0.00234012 0.999861 0.0164821 
0.999879 0.000119362 -0.0155521 0.999879 -0.00016219 0.999996 -0.00275262 -0.00016219 0.0155517 0.00275481 0.999875 0.0155517 
0.9999 0.000636526 -0.0141392 0.9999 -0.000662536 0.999998 -0.001835 -0.000662536 0.014138 0.00184419 0.999898 0.014138 
0.999915 0.00141629 -0.0129989 0.999915 -0.00143496 0.999998 -0.00142661 -0.00143496 0.0129968 0.00144514 0.999914 0.0129968 
0.999927 7.01295e-05 -0.0121119 0.999927 -7.30783e-05 1 -0.000243014 -7.30783e-05 0.0121119 0.000243881 0.999927 0.0121119 
0.99991 -0.00172585 -0.0133399 0.99991 0.00172167 0.999998 -0.000324936 0.00172167 0.0133405 0.00030194 0.999911 0.0133405 
0.999924 -0.00186443 -0.0121723 0.999924 0.00185155 0.999998 -0.00106905 0.00185155 0.0121742 0.00104643 0.999925 0.0121742 
0.999924 -0.000924453 -0.0122802 0.999924 0.000918122 0.999999 -0.000521168 0.000918122 0.0122806 0.000509854 0.999924 0.0122806 
0.999916 0.000484537 -0.0129825 0.999916 -0.000482689 1 0.000145466 -0.000482689 0.0129826 -0.000139187 0.999916 0.0129826 
0.999935 0.00101985 -0.0113325 0.999935 -0.0010027 0.999998 0.00151885 -0.0010027 0.011334 -0.00150739 0.999935 0.011334 
0.999944 3.60147e-05 -0.0105523 0.999944 -2.84173e-05 1 0.00072012 -2.84173e-05 0.0105523 -0.00071978 0.999944 0.0105523 
0.999954 -0.000570598 -0.00959697 0.999954 0.00056158 0.999999 -0.000942256 0.00056158 0.00959751 0.000936823 0.999954 0.00959751 
0.999975 -0.000889989 -0.00698752 0.999975 0.000865657 0.999994 -0.00348458 0.000865657 0.00699057 0.00347844 0.99997 0.00699057 
0.999974 -0.00272765 -0.0067137 0.999974 0.00269877 0.999987 -0.00430687 0.00269877 0.00672536 0.00428863 0.999968 0.00672536 
0.999969 -0.00232614 -0.00754929 0.999969 0.00230472 0.999993 -0.00284483 0.00230472 0.00755585 0.00282735 0.999967 0.00755585 
0.999982 -0.00187603 -0.00566084 0.999982 0.00186333 0.999996 -0.00224725 0.00186333 0.00566503 0.00223666 0.999981 0.00566503 
0.999976 -0.000913465 -0.00680325 0.999976 0.000898043 0.999997 -0.00226948 0.000898043 0.0068053 0.00226332 0.999974 0.0068053 
0.999969 0.000125081 -0.00790074 0.999969 -0.000145659 0.999997 -0.00260408 -0.000145659 0.00790039 0.00260515 0.999965 0.00790039 
0.99997 0.00128873 -0.00762576 0.99997 -0.00130317 0.999997 -0.00188972 -0.00130317 0.0076233 0.0018996 0.999969 0.0076233 
0.99997 0.00165078 -0.00752717 0.99997 -0.00165523 0.999998 -0.000584935 -0.00165523 0.00752619 0.000597377 0.999971 0.00752619 
0.999972 0.000252701 -0.00743207 0.999972 -0.000256229 1 -0.000473833 -0.000256229 0.00743195 0.000475724 0.999972 0.00743195 
0.999959 0.00270964 -0.00868951 0.999959 -0.00270323 0.999996 0.000749599 -0.00270323 0.00869151 -0.000726078 0.999962 0.00869151 
0.999953 -0.000346415 -0.00968887 0.999953 0.000352769 1 0.000654094 0.000352769 0.00968864 -0.000657481 0.999953 0.00968864 
0.999939 3.15964e-05 -0.0110642 0.999939 -1.06008e-05 0.999998 0.00189767 -1.06008e-05 0.0110642 -0.00189744 0.999937 0.0110642 
0.999895 -0.00235324 -0.014311 0.999895 0.00236444 0.999997 0.000765314 0.00236444 0.0143091 -0.000799071 0.999897 0.0143091 
0.999846 -0.00338822 -0.0171956 0.999846 0.00336982 0.999994 -0.00109923 0.00336982 0.0171992 0.00104111 0.999852 0.0171992 
0.999814 -0.00315664 -0.0190116 0.999814 0.00309391 0.99999 -0.00332811 0.00309391 0.0190219 0.00326867 0.999814 0.0190219 
0.999796 -0.00237006 -0.0200742 0.999796 0.00233845 0.999996 -0.00159798 0.00233845 0.0200779 0.00155071 0.999797 0.0200779 
0.999746 -0.000945108 -0.0225042 0.999746 0.000924315 0.999999 -0.000934358 0.000924315 0.022505 0.00091332 0.999746 0.022505 
0.999758 -0.000770364 -0.0220046 0.999758 0.000734664 0.999998 -0.00163046 0.000734664 0.0220058 0.0016139 0.999757 0.0220058 
0.999768 -0.000334929 -0.0215163 0.999768 0.000266825 0.999995 -0.00316799 0.000266825 0.0215172 0.00316151 0.999763 0.0215172 
0.999745 -0.00140972 -0.0225307 0.999745 0.00132703 0.999992 -0.00368479 0.00132703 0.0225357 0.00365395 0.999739 0.0225357 
0.999748 -0.00135094 -0.0223882 0.999748 0.0012477 0.999989 -0.00462459 0.0012477 0.0223941 0.00459549 0.999739 0.0223941 
0.999742 -0.000754795 -0.0226819 0.999742 0.000679031 0.999994 -0.0033478 0.000679031 0.0226843 0.00333154 0.999737 0.0226843 
0.999767 -0.000358138 -0.021601 0.999767 0.00034496 1 -0.000613771 0.00034496 0.0216013 0.000606176 0.999766 0.0216013 
0.99974 0.000825631 -0.02279 0.99974 -0.000783748 0.999998 0.00184665 -0.000783748 0.0227915 -0.00182831 0.999739 0.0227915 
0.999777 -0.000226286 -0.021101 0.999777 0.000240678 1 0.000679549 0.000240678 0.0211009 -0.000684476 0.999777 0.0211009 
0.999797 0.00150915 -0.0201039 0.999797 -0.0015513 0.999997 -0.00208098 -0.0015513 0.0201007 0.00211175 0.999796 0.0201007 
0.999785 4.16901e-05 -0.0207559 0.999785 -8.40569e-05 0.999998 -0.00204032 -8.40569e-05 0.0207558 0.00204163 0.999782 0.0207558 
0.999793 -0.000394724 -0.0203261 0.999793 0.00037086 0.999999 -0.00117782 0.00037086 0.0203265 0.00117004 0.999793 0.0203265 
0.999704 -0.00139886 -0.0242878 0.999704 0.00137882 0.999999 -0.000841957 0.00137882 0.0242889 0.00080822 0.999705 0.0242889 
0.999811 -0.000361532 -0.0194274 0.999811 0.00033466 0.999999 -0.00138646 0.00033466 0.0194279 0.0013797 0.99981 0.0194279 
0.999776 -0.00263353 -0.0209842 0.999776 0.00263186 0.999997 -0.00010751 0.00263186 0.0209844 5.22582e-05 0.99978 0.0209844 
0.999844 -0.0011182 -0.0176121 0.999844 0.00111603 0.999999 -0.000133009 0.00111603 0.0176123 0.000113333 0.999845 0.0176123 
0.999794 -0.000548499 -0.0203138 0.999794 0.000592094 0.999998 0.00214012 0.000592094 0.0203126 -0.00215171 0.999791 0.0203126 
0.999735 -0.00138528 -0.0229932 0.999735 0.00142074 0.999998 0.00152581 0.00142074 0.022991 -0.00155807 0.999734 0.022991 
0.999817 -0.000238533 -0.0191208 0.999817 0.000263605 0.999999 0.00130875 0.000263605 0.0191205 -0.00131355 0.999816 0.0191205 
0.999816 0.000192924 -0.0191769 0.999816 -0.000142093 0.999996 0.00265195 -0.000142093 0.0191774 -0.00264874 0.999813 0.0191774 
0.999824 -0.000472528 -0.0187544 0.999824 0.000560277 0.999989 0.00467387 0.000560277 0.018752 -0.00468355 0.999813 0.018752 
0.999821 -0.000435988 -0.0188921 0.999821 0.000561331 0.999978 0.00662986 0.000561331 0.0188888 -0.00663928 0.9998 0.0188888 
0.999834 -0.00195169 -0.0181144 0.999834 0.00202716 0.999989 0.00414932 0.00202716 0.0181061 -0.00418535 0.999827 0.0181061 
0.999838 -0.00122746 -0.0179634 0.999838 0.00130125 0.999991 0.00409674 0.00130125 0.0179582 -0.00411945 0.99983 0.0179582 
0.999819 -0.00143894 -0.0189719 0.999819 0.00148708 0.999996 0.00252385 0.00148708 0.0189682 -0.00255161 0.999817 0.0189682 
0.999852 0.000506599 -0.0172212 0.999852 -0.00051629 1 -0.000558323 -0.00051629 0.0172209 0.000567131 0.999852 0.0172209 
0.999836 0.000573169 -0.0181255 0.999836 -0.000571245 1 0.00011136 -0.000571245 0.0181255 -0.000100988 0.999836 0.0181255 
0.999847 0.00114027 -0.0174415 0.999847 -0.00106157 0.999989 0.00452077 -0.00106157 0.0174465 -0.00450156 0.999838 0.0174465 
0.999863 -0.00172241 -0.0164538 0.999863 0.00181547 0.999982 0.00564258 0.00181547 0.0164438 -0.00567168 0.999849 0.0164438 
0.999843 -0.0024953 -0.0175466 0.999843 0.00248683 0.999997 -0.000504241 0.00248683 0.0175478 0.000460526 0.999846 0.0175478 
0.999856 -0.00281196 -0.0167194 0.999856 0.00280077 0.999996 -0.000692437 0.00280077 0.0167213 0.00064551 0.99986 0.0167213 
0.999767 -0.0013859 -0.0215411 0.999767 0.00142151 0.999998 0.0016381 0.00142151 0.0215388 -0.00166833 0.999767 0.0215388 
0.999955 0.00777099 -0.00542003 0.999955 -0.00773423 0.999947 0.00676936 -0.00773423 0.00547235 -0.00672713 0.999962 0.00547235 
0.999962 0.00219378 -0.00839007 0.999962 -0.00217574 0.999995 0.00215909 -0.00217574 0.00839477 -0.00214076 0.999962 0.00839477 
0.999791 0.00169999 -0.0203971 0.999791 -0.00161658 0.99999 0.00410525 -0.00161658 0.0204039 -0.00407141 0.999784 0.0204039 
0.99983 -0.001847 -0.0183569 0.99983 0.00196325 0.999978 0.00631686 0.00196325 0.0183449 -0.00635182 0.999812 0.0183449 
0.999709 -0.00343281 -0.02387 0.999709 0.00350656 0.999989 0.00304848 0.00350656 0.0238592 -0.00313129 0.99971 0.0238592 
0.999661 -0.00281312 -0.0258932 0.999661 0.00282916 0.999996 0.000583202 0.00282916 0.0258915 -0.00065626 0.999665 0.0258915 
0.999543 -0.004756 -0.0298435 0.999543 0.00481024 0.999987 0.00174595 0.00481024 0.0298348 -0.00188871 0.999553 0.0298348 
0.999504 -0.00386609 -0.0312596 0.999504 0.00389849 0.999992 0.000975602 0.00389849 0.0312556 -0.00109698 0.999511 0.0312556 
0.999638 -0.00273894 -0.0267749 0.999638 0.00279569 0.999994 0.00208221 0.00279569 0.0267691 -0.00215631 0.999639 0.0267691 
0.999655 -0.000153776 -0.0262786 0.999655 0.000188651 0.999999 0.00132465 0.000188651 0.0262784 -0.00132915 0.999654 0.0262784 
0.999796 -0.00602325 -0.0192531 0.999796 0.00603521 0.999982 0.000562952 0.00603521 0.0192494 -0.000679034 0.999814 0.0192494 
0.999551 -0.000183068 -0.0299594 0.999551 0.000290663 0.999994 0.00358705 0.000290663 0.0299586 -0.00359414 0.999545 0.0299586 
0.999437 -0.000449768 -0.0335424 0.999437 0.000626915 0.999986 0.00527095 0.000626915 0.0335396 -0.00528901 0.999423 0.0335396 
0.999686 0.0013877 -0.0250005 0.999686 -0.00134827 0.999998 0.00159374 -0.00134827 0.0250027 -0.00155953 0.999686 0.0250027 
0.999865 -0.00211149 -0.0162779 0.999865 0.0022093 0.99998 0.00599297 0.0022093 0.0162649 -0.00602812 0.99985 0.0162649 
0.999747 0.000594801 -0.0224694 0.999747 -0.0005787 1 0.00072305 -0.0005787 0.0224699 -0.000709864 0.999747 0.0224699 
0.998951 -0.0111829 -0.044404 0.998951 0.0115751 0.999896 0.00858536 0.0115751 0.0443034 -0.00909033 0.998977 0.0443034 
0.999766 0.000624066 -0.0216286 0.999766 -0.000585347 0.999998 0.00179646 -0.000585347 0.0216297 -0.00178338 0.999764 0.0216297 
0.980299 0.00482519 -0.197461 0.980299 -0.0121086 0.999289 -0.0356946 -0.0121086 0.197148 0.0373824 0.979661 0.197148 
0.999204 -0.00395446 -0.0396935 0.999204 0.00438806 0.999932 0.0108425 0.00438806 0.0396479 -0.0110081 0.999153 0.0396479 
0.999997 -0.000756005 0.00249061 0.999997 0.000769224 0.999986 -0.00531066 0.000769224 -0.00248656 0.00531256 0.999983 -0.00248656 
0.999937 -0.00204743 -0.0110262 0.999937 0.00206469 0.999997 0.00155452 0.00206469 0.011023 -0.00157718 0.999938 0.011023 
0.999484 -0.00311516 -0.0319585 0.999484 0.00316541 0.999994 0.00152189 0.00316541 0.0319535 -0.00162227 0.999488 0.0319535 
0.999957 -0.000577076 -0.00929789 0.999957 0.000575349 1 -0.000188381 0.000575349 0.009298 0.000183024 0.999957 0.009298 
0.999978 -0.00659004 0.000741011 0.999978 0.00659285 0.999971 -0.0038445 0.00659285 -0.000715654 0.0038493 0.999992 -0.000715654 
0.998033 -0.00505963 -0.0624793 0.998033 0.00533672 0.999977 0.00426877 0.00533672 0.0624563 -0.00459381 0.998037 0.0624563 
1 -0.000959858 0.000125528 1 0.000959625 0.999998 0.00184451 0.000959625 -0.000127298 -0.00184438 0.999998 -0.000127298 
0.989244 -0.00506457 -0.146186 0.989244 0.00909592 0.999596 0.0269217 0.00909592 0.145991 -0.0279618 0.988891 0.145991 
0.989066 0.00154223 -0.147466 0.989066 0.00568863 0.998802 0.0485997 0.00568863 0.147364 -0.0489072 0.987872 0.147364 
0.999575 0.00286877 -0.0290069 0.999575 -0.00294316 0.999992 -0.0025222 -0.00294316 0.0289995 0.0026065 0.999576 0.0289995 
0.999638 -0.0043345 -0.0265409 0.999638 0.00423887 0.999984 -0.00365842 0.00423887 0.0265563 0.00354459 0.999641 0.0265563 
0.99973 -0.00318397 -0.0230059 0.99973 0.00310807 0.99999 -0.00333415 0.00310807 0.0230162 0.00326174 0.99973 0.0230162 
0.999936 0.00216583 -0.0111178 0.999936 -0.00217467 0.999997 -0.000783561 -0.00217467 0.0111161 0.000807689 0.999938 0.0111161 
0.999841 -0.00178525 -0.017745 0.999841 0.00185058 0.999992 0.00366573 0.00185058 0.0177383 -0.00369799 0.999836 0.0177383 
0.999748 -0.000318898 -0.022425 0.999748 0.000297813 1 -0.000943595 0.000297813 0.0224253 0.000936679 0.999748 0.0224253 
0.999766 0.000886622 -0.0216185 0.999766 -0.000869038 0.999999 0.000822752 -0.000869038 0.0216192 -0.000803772 0.999766 0.0216192 
0.999854 0.00248955 -0.016907 0.999854 -0.00245266 0.999995 0.0022023 -0.00245266 0.0169124 -0.00216051 0.999855 0.0169124 
0.999772 -0.00127495 -0.0212947 0.999772 0.00121828 0.999996 -0.0026739 0.00121828 0.021298 0.00264735 0.99977 0.021298 
0.998777 0.00361212 -0.049303 0.998777 -0.00403479 0.999956 -0.00847607 -0.00403479 0.0492702 0.00866464 0.998748 0.0492702 
0.999674 -0.00494675 -0.0250544 0.999674 0.0050606 0.999977 0.00448287 0.0050606 0.0250316 -0.00460819 0.999676 0.0250316 
0.99834 0.00089992 -0.0575819 0.99834 3.78314e-05 0.999867 0.0162824 3.78314e-05 0.057589 -0.0162575 0.998208 0.057589 
0.999801 -0.00450625 -0.0194556 0.999801 0.0046439 0.999964 0.0070357 0.0046439 0.0194232 -0.00712465 0.999786 0.0194232 
0.999827 -0.00469695 -0.0180159 0.999827 0.00473054 0.999987 0.00182246 0.00473054 0.0180071 -0.00190737 0.999836 0.0180071 
0.9976 -0.00907359 0.0686422 0.9976 0.00914456 0.999958 -0.000719637 0.00914456 -0.0686328 0.00134561 0.997641 -0.0686328 
0.999819 -0.00535909 -0.0182541 0.999819 0.0053242 0.999984 -0.0019597 0.0053242 0.0182643 0.00186216 0.999831 0.0182643 
0.999866 -0.00143798 -0.0163268 0.999866 0.00143949 0.999999 8.11553e-05 0.00143949 0.0163267 -0.000104647 0.999867 0.0163267 
0.999813 -0.00300944 -0.019093 0.999813 0.00297522 0.999994 -0.00182028 0.00297522 0.0190984 0.00176314 0.999816 0.0190984 
0.99777 0.000346159 -0.066749 0.99777 0.00194051 0.999413 0.0341899 0.00194051 0.0667217 -0.0342431 0.997184 0.0667217 
0.999455 -0.00736213 -0.0321803 0.999455 0.00739799 0.999972 0.000995363 0.00739799 0.0321721 -0.00123289 0.999482 0.0321721 
0.999826 -0.00474272 -0.0180538 0.999826 0.00478115 0.999986 0.00208612 0.00478115 0.0180437 -0.00217207 0.999835 0.0180437 
0.999804 -0.00288096 -0.0195984 0.999804 0.00292141 0.999994 0.0020356 0.00292141 0.0195924 -0.00209246 0.999806 0.0195924 
0.999847 -0.00578096 -0.0165333 0.999847 0.00575679 0.999982 -0.00150872 0.00575679 0.0165417 0.00141331 0.999862 0.0165417 
0.999866 0.00145974 -0.0162888 0.999866 -0.00153062 0.999989 -0.00433957 -0.00153062 0.0162823 0.00436392 0.999858 0.0162823 
0.999902 -0.00127154 -0.0139607 0.999902 0.00121087 0.99999 -0.0043532 0.00121087 0.0139661 0.00433587 0.999893 0.0139661 
0.999677 0.00244352 -0.0253086 0.999677 -0.00259445 0.999979 -0.00593254 -0.00259445 0.0252936 0.00599628 0.999662 0.0252936 
0.996781 -0.00571343 0.0799745 0.996781 0.00523713 0.999967 0.0061641 0.00523713 -0.0800071 -0.00572542 0.996778 -0.0800071 
0.999951 -0.000470831 -0.00987232 0.999951 0.000492777 0.999997 0.00222067 0.000492777 0.00987125 -0.00222543 0.999949 0.00987125 
0.999968 -0.00398569 -0.00693281 0.999968 0.00399967 0.99999 0.00200352 0.00399967 0.00692475 -0.00203118 0.999974 0.00692475 
0.999984 -0.0008038 -0.00562913 0.999984 0.000826795 0.999991 0.0040839 0.000826795 0.0056258 -0.00408849 0.999976 0.0056258 
0.999957 0.00181757 -0.00904061 0.999957 -0.00172702 0.999948 0.0100142 -0.00172702 0.00905835 -0.0099982 0.999909 0.00905835 
0.999959 -0.00576843 -0.00693657 0.999959 0.0057968 0.999975 0.00407783 0.0057968 0.00691287 -0.00411788 0.999968 0.00691287 
0.999993 0.00247472 -0.00292638 0.999993 -0.0025021 0.999953 -0.00938944 -0.0025021 0.002903 0.00939669 0.999952 0.002903 
0.999997 0.00129657 -0.00226505 0.999997 -0.00131883 0.999951 -0.00985454 -0.00131883 0.00225216 0.0098575 0.999949 0.00225216 
0.999999 0.000421822 -0.00126926 0.999999 -0.000426503 0.999993 -0.00368946 -0.000426503 0.00126769 0.00369 0.999992 0.00126769 
0.999999 -0.00114824 0.00020404 0.999999 0.00114773 0.999996 0.00247698 0.00114773 -0.000206883 -0.00247674 0.999997 -0.000206883 
0.999999 -0.00112301 0.000362263 0.999999 0.00112153 0.999991 0.00406779 0.00112153 -0.000366828 -0.00406738 0.999992 -0.000366828 
0.999995 -0.00190647 0.00262427 0.999995 0.00189967 0.999995 0.00259134 0.00189967 -0.0026292 -0.00258634 0.999993 -0.0026292 
0.999991 -0.00342157 0.00258942 0.999991 0.00341678 0.999992 0.00185279 0.00341678 -0.00259574 -0.00184393 0.999995 -0.00259574 
0.999995 -2.56289e-05 0.0031596 0.999995 2.10459e-05 0.999999 0.00145054 2.10459e-05 -0.00315963 -0.00145046 0.999994 -0.00315963 
0.999989 -0.00154773 0.0044284 0.999989 0.0015425 0.999998 0.00118502 0.0015425 -0.00443022 -0.00117818 0.999989 -0.00443022 
0.99998 -0.00340309 0.00533582 0.99998 0.00339449 0.999993 0.00162121 0.00339449 -0.0053413 -0.00160306 0.999984 -0.0053413 
0.999973 -0.0031576 0.0066747 0.999973 0.00315745 0.999995 3.31282e-05 0.00315745 -0.00667477 -1.20523e-05 0.999978 -0.00667477 
0.999972 0.00277066 0.00700414 0.999972 -0.00275984 0.999995 -0.001554 -0.00275984 -0.00700841 0.00153463 0.999974 -0.00700841 
0.999975 0.00061418 0.00709454 0.999975 -0.0006145 1 4.29401e-05 -0.0006145 -0.00709452 -4.72986e-05 0.999975 -0.00709452 
0.999964 0.00235086 0.00820589 0.999964 -0.00235658 0.999997 0.000687431 -0.00235658 -0.00820424 -0.000706744 0.999966 -0.00820424 
0.999978 0.000548345 0.00663301 0.999978 -0.000545488 1 -0.000432478 -0.000545488 -0.00663325 0.000428851 0.999978 -0.00663325 
0.999965 -0.00134018 0.00831433 0.999965 0.00134214 0.999999 -0.000229588 0.00134214 -0.00831402 0.000240738 0.999965 -0.00831402 
0.999991 -0.000521513 0.00418548 0.999991 0.000528985 0.999998 -0.00178421 0.000528985 -0.00418454 0.00178641 0.99999 -0.00418454 
0.999977 8.34076e-05 0.00682104 0.999977 -7.39316e-05 0.999999 -0.00138948 -7.39316e-05 -0.00682115 0.00138894 0.999976 -0.00682115 
0.999976 0.000563568 0.00691938 0.999976 -0.000568799 1 0.000754097 -0.000568799 -0.00691895 -0.000758014 0.999976 -0.00691895 
0.999974 0.00145267 0.00709753 0.999974 -0.00146855 0.999996 0.00223303 -0.00146855 -0.00709426 -0.00224339 0.999972 -0.00709426 
0.999977 0.000952945 0.00666187 0.999977 -0.000963828 0.999998 0.00163058 -0.000963828 -0.0066603 -0.00163696 0.999976 -0.0066603 
0.999978 -0.00150735 0.00640152 0.999978 0.00149677 0.999998 0.00165696 0.00149677 -0.006404 -0.00164734 0.999978 -0.006404 
0.999975 -0.00147718 0.00686598 0.999975 0.00147504 0.999999 0.000317446 0.00147504 -0.00686644 -0.00030731 0.999976 -0.00686644 
0.999976 -5.20369e-05 0.00696934 0.999976 5.34626e-05 1 -0.000204387 5.34626e-05 -0.00696933 0.000204755 0.999976 -0.00696933 
0.999977 -0.000288239 0.00684711 0.999977 0.000303481 0.999997 -0.00222501 0.000303481 -0.00684645 0.00222704 0.999974 -0.00684645 
0.999978 0.000296092 0.00661928 0.999978 -0.000285803 0.999999 -0.00155523 -0.000285803 -0.00661973 0.00155331 0.999977 -0.00661973 
0.999968 0.000914578 0.00795025 0.999968 -0.000910601 0.999999 -0.000503827 -0.000910601 -0.0079507 0.000496572 0.999968 -0.0079507 
0.999976 0.000397297 0.00690445 0.999976 -0.000407654 0.999999 0.00149867 -0.000407654 -0.00690385 -0.00150145 0.999975 -0.00690385 
0.999985 0.00230065 0.004897 0.999985 -0.00230267 0.999997 0.000407181 -0.00230267 -0.00489605 -0.000418451 0.999988 -0.00489605 
0.999957 0.00173188 0.00913428 0.999957 -0.00175169 0.999996 0.00216098 -0.00175169 -0.00913051 -0.00217688 0.999956 -0.00913051 
0.999961 0.00182118 0.00860177 0.999961 -0.00184753 0.999994 0.0030562 -0.00184753 -0.00859615 -0.00307198 0.999958 -0.00859615 
0.999945 0.00106822 0.0104756 0.999945 -0.00108245 0.999998 0.00135285 -0.00108245 -0.0104741 -0.00136411 0.999944 -0.0104741 
0.999966 -0.000213929 0.00829163 0.999966 0.000222548 0.999999 -0.00103856 0.000222548 -0.0082914 0.00104037 0.999965 -0.0082914 
0.999982 0.000242489 0.00604722 0.999982 -0.000231319 0.999998 -0.0018477 -0.000231319 -0.00604765 0.00184627 0.99998 -0.00604765 
0.999988 -0.00207279 0.00448481 0.999988 0.00207172 0.999998 0.000243892 0.00207172 -0.0044853 -0.000234598 0.99999 -0.0044853 
0.999997 -7.76632e-05 0.00247967 0.999997 7.29739e-05 0.999998 0.00189112 7.29739e-05 -0.00247981 -0.00189093 0.999995 -0.00247981 
0.999998 0.00099119 0.00193474 0.999998 -0.000993653 0.999999 0.00127245 -0.000993653 -0.00193348 -0.00127437 0.999997 -0.00193348 
0.999995 0.000508525 0.00317858 0.999995 -0.000508553 1 8.1035e-06 -0.000508553 -0.00317858 -9.71994e-06 0.999995 -0.00317858 
0.999996 0.00115773 0.002588 0.999996 -0.00133738 0.997509 0.0705298 -0.00133738 -0.0024999 -0.070533 0.997506 -0.0024999 
0.999999 -0.00104312 0.00122559 0.999999 0.00104243 0.999999 0.000557305 0.00104243 -0.00122618 -0.000556027 0.999999 -0.00122618 
0.999994 0.000300494 0.00345466 0.999994 -0.000302234 1 0.000503066 -0.000302234 -0.0034545 -0.000504108 0.999994 -0.0034545 
0.999736 0.00123137 0.0229451 0.999736 -0.00118723 0.999997 -0.00193721 -0.00118723 -0.0229474 0.00190945 0.999735 -0.0229474 
0.999988 0.00371756 0.00322965 0.999988 -0.00370625 0.999987 -0.00349946 -0.00370625 -0.00324261 0.00348745 0.999989 -0.00324261 
0.999423 -0.00293399 0.0338482 0.999423 0.00299698 0.999994 -0.00181049 0.00299698 -0.0338427 0.00191089 0.999425 -0.0338427 
0.999995 0.00324259 -0.0002403 0.999995 -0.00324182 0.99999 0.00313472 -0.00324182 0.000250462 -0.00313392 0.999995 0.000250462 
0.999979 0.00335215 0.00560209 0.999979 -0.00336344 0.999992 0.00200693 -0.00336344 -0.00559532 -0.00202573 0.999982 -0.00559532 
0.999965 0.00144658 0.00828558 0.999965 -0.00145077 0.999999 0.000498977 -0.00145077 -0.00828485 -0.00051098 0.999966 -0.00828485 
0.999977 0.00140756 0.00662297 0.999977 -0.00140318 0.999999 -0.000666335 -0.00140318 -0.0066239 0.000657026 0.999978 -0.0066239 
0.999976 0.00126628 0.00684137 0.999976 -0.00125886 0.999999 -0.0010892 -0.00125886 -0.00684274 0.00108056 0.999976 -0.00684274 
0.999948 0.00283274 0.00976654 0.999948 -0.00285413 0.999994 0.00217744 -0.00285413 -0.00976031 -0.0022052 0.99995 -0.00976031 
0.999911 0.00400044 0.0127484 0.999911 -0.00400349 0.999992 0.000213526 -0.00400349 -0.0127474 -0.000264545 0.999919 -0.0127474 
0.999869 0.00159395 0.0161304 0.999869 -0.00161907 0.999997 0.00154419 -0.00161907 -0.0161279 -0.00157011 0.999869 -0.0161279 
0.999938 -0.000950648 0.0111127 0.999938 0.000982106 0.999996 -0.00282565 0.000982106 -0.01111 0.00283639 0.999934 -0.01111 
0.999923 0.00164286 0.0122806 0.999923 -0.00163764 0.999999 -0.000435669 -0.00163764 -0.0122813 0.000415524 0.999924 -0.0122813 
0.999935 -0.0032913 0.0109069 0.999935 0.00327676 0.999994 0.00135123 0.00327676 -0.0109113 -0.0013154 0.99994 -0.0109113 
0.999938 0.00108836 0.0110396 0.999938 -0.0011113 0.999997 0.00207154 -0.0011113 -0.0110373 -0.00208368 0.999937 -0.0110373 
0.999938 -0.0022162 0.0108823 0.999938 0.00221419 0.999998 0.000196509 0.00221419 -0.0108827 -0.000172402 0.999941 -0.0108827 
0.999944 -0.00113314 0.0105522 0.999944 0.00114621 0.999999 -0.00123258 0.00114621 -0.0105508 0.00124461 0.999944 -0.0105508 
0.999965 -0.00102558 0.00829989 0.999965 0.00103226 0.999999 -0.000800797 0.00103226 -0.00829906 0.000809337 0.999965 -0.00829906 
0.999966 0.000328122 0.00829705 0.999966 -0.00031787 0.999999 -0.00123684 -0.00031787 -0.00829745 0.00123416 0.999965 -0.00829745 
0.999989 -0.000146429 0.00475605 0.999989 0.000126029 0.999991 0.00428944 0.000126029 -0.00475663 -0.0042888 0.999979 -0.00475663 
0.999954 -0.000195138 0.00957449 0.999954 0.0002151 0.999998 -0.00208388 0.0002151 -0.00957407 0.00208585 0.999952 -0.00957407 
0.999967 -0.00215106 0.00779667 0.999967 0.0021457 0.999997 0.000694978 0.0021457 -0.00779815 -0.000678226 0.999969 -0.00779815 
0.999957 -0.00128094 0.00921346 0.999957 0.00125439 0.999995 0.00288711 0.00125439 -0.00921711 -0.00287543 0.999953 -0.00921711 
0.999984 -0.000534435 0.00565582 0.999984 0.000520272 0.999997 0.00250538 0.000520272 -0.00565714 -0.00250239 0.999981 -0.00565714 
0.999952 -0.00135762 0.00969992 0.999952 0.00137461 0.999998 -0.00174456 0.00137461 -0.00969752 0.00175781 0.999951 -0.00969752 
0.99997 0.00230279 0.00742159 0.99997 -0.00230265 0.999997 -2.75378e-05 -0.00230265 -0.00742163 1.04477e-05 0.999972 -0.00742163 
0.99997 -0.00277524 0.00722796 0.99997 0.00277758 0.999996 -0.000313388 0.00277758 -0.00722706 0.000333455 0.999974 -0.00722706 
0.999976 0.00130363 0.00677687 0.999976 -0.00128459 0.999995 -0.0028145 -0.00128459 -0.00678051 0.00280573 0.999973 -0.00678051 
0.999976 -0.00048531 0.00689882 0.999976 0.000508715 0.999994 -0.0033912 0.000508715 -0.00689714 0.00339462 0.99997 -0.00689714 
0.999952 -0.00247656 0.0094889 0.999952 0.00248201 0.999997 -0.000562275 0.00248201 -0.00948747 0.0005858 0.999955 -0.00948747 
0.999948 0.000178805 0.0102041 0.999948 -0.000181946 1 0.000306898 -0.000181946 -0.0102041 -0.000308739 0.999948 -0.0102041 
0.999969 8.02774e-05 0.00784305 0.999969 -6.88126e-05 0.999999 -0.00146204 -6.88126e-05 -0.00784316 0.00146145 0.999968 -0.00784316 
0.999945 -0.000104718 0.0105025 0.999945 0.000120215 0.999999 -0.00147493 0.000120215 -0.0105023 0.00147611 0.999944 -0.0105023 
0.999949 -0.000783494 0.0100299 0.999949 0.000770029 0.999999 0.00134619 0.000770029 -0.0100309 -0.0013384 0.999949 -0.0100309 
0.999956 0.0019029 0.00915151 0.999956 -0.00190647 0.999998 0.000381353 -0.00190647 -0.00915077 -0.000398783 0.999958 -0.00915077 
0.999944 0.000603635 0.010563 0.999944 -0.000617751 0.999999 0.00133317 -0.000617751 -0.0105622 -0.00133962 0.999943 -0.0105622 
0.999917 0.000361756 0.0128806 0.999917 -0.000323403 0.999996 -0.00297951 -0.000323403 -0.0128816 0.00297509 0.999913 -0.0128816 
0.99996 0.00100672 0.00894209 0.99996 -0.000987634 0.999997 -0.00213878 -0.000987634 -0.00894422 0.00212986 0.999958 -0.00894422 
0.999972 0.00129812 0.00743051 0.999972 -0.00127078 0.999992 -0.00368285 -0.00127078 -0.00743524 0.0036733 0.999966 -0.00743524 
0.999981 -4.09393e-05 0.00623135 0.999981 5.36062e-05 0.999998 -0.00203261 5.36062e-05 -0.00623125 0.00203291 0.999979 -0.00623125 
0.999979 -0.000532989 0.00649797 0.999979 0.000555835 0.999994 -0.00351453 0.000555835 -0.00649606 0.00351806 0.999973 -0.00649606 
0.999991 -0.000487154 0.00431477 0.999991 0.000501193 0.999995 -0.00325324 0.000501193 -0.00431316 0.00325537 0.999985 -0.00431316 
0.999998 -0.000199518 0.00193488 0.999998 0.000204923 0.999996 -0.00279374 0.000204923 -0.00193431 0.00279413 0.999994 -0.00193431 
0.999996 0.000172974 0.00287755 0.999996 -0.000166889 0.999998 -0.00211471 -0.000166889 -0.00287791 0.00211422 0.999994 -0.00287791 
1 -0.000339507 -0.000763154 1 0.000340853 0.999998 0.00176436 0.000340853 0.000762554 -0.00176462 0.999998 0.000762554 
0.999999 -0.000808743 0.000691532 0.999999 0.000807149 0.999997 0.00230159 0.000807149 -0.000693392 -0.00230103 0.999997 -0.000693392 
0.999997 0.00148713 0.00199788 0.999997 -0.00148939 0.999998 0.00113251 -0.00148939 -0.00199619 -0.00113548 0.999997 -0.00199619 
0.999995 0.000384188 0.0032557 0.999995 -0.00037974 0.999999 -0.00136679 -0.00037974 -0.00325623 0.00136554 0.999994 -0.00325623 
0.999396 0.00776774 0.0338632 0.999396 -0.00772541 0.999969 -0.00138064 -0.00772541 -0.0338728 0.0011182 0.999426 -0.0338728 
0.999993 0.00235838 0.00275171 0.999993 -0.00234761 0.99999 -0.00391095 -0.00234761 -0.0027609 0.00390446 0.999989 -0.0027609 
0.999997 0.00190149 0.00151341 0.999997 -0.00189741 0.999995 -0.00269388 -0.00189741 -0.00151853 0.002691 0.999995 -0.00151853 
0.999997 0.000976188 -0.00220304 0.999997 -0.000984908 0.999992 -0.00396038 -0.000984908 0.00219915 0.00396254 0.99999 0.00219915 
0.999999 0.00117478 0.000827464 0.999999 -0.00117457 0.999999 -0.00024771 -0.00117457 -0.000827755 0.000246738 1 -0.000827755 
0.999997 0.00213379 -0.000942583 0.999997 -0.00213471 0.999997 -0.000968857 -0.00213471 0.000940513 0.000970867 0.999999 0.000940513 
0.999997 -0.00169408 0.00149485 0.999997 0.00169462 0.999999 -0.00035761 0.00169462 -0.00149425 0.000360142 0.999999 -0.00149425 
0.993966 -0.00484657 0.109585 0.993966 0.00771269 0.999639 -0.0257456 0.00771269 -0.109421 0.0264354 0.993644 -0.109421 
0.999968 -0.00361634 -0.00707882 0.999968 0.00358911 0.999986 -0.00385526 0.00358911 0.00709266 0.00382973 0.999968 0.00709266 
0.999995 0.000584478 0.00308233 0.999995 -0.00057421 0.999994 -0.00333113 -0.00057421 -0.00308426 0.00332934 0.99999 -0.00308426 
0.999994 0.00252953 0.00251952 0.999994 -0.00252449 0.999995 -0.00200305 -0.00252449 -0.00252457 0.00199668 0.999995 -0.00252457 
0.999998 -0.000417134 0.00207007 0.999998 0.000420565 0.999999 -0.00165736 0.000420565 -0.00206937 0.00165823 0.999996 -0.00206937 
0.999993 0.00360955 0.000686336 0.999993 -0.00360749 0.999989 -0.00298347 -0.00360749 -0.000697098 0.00298097 0.999995 -0.000697098 
0.999997 -0.00224066 -0.000162802 0.999997 0.00224057 0.999997 -0.000521578 0.00224057 0.00016397 0.000521212 1 0.00016397 
0.999999 -0.00146327 0.000869501 0.999999 0.00146312 0.999999 0.000177702 0.00146312 -0.00086976 -0.000176429 1 -0.00086976 
0.999994 0.000620263 0.00326574 0.999994 -0.000618446 1 -0.000557339 -0.000618446 -0.00326608 0.000555317 0.999995 -0.00326608 
0.999995 -7.43101e-06 0.00300408 0.999995 1.21107e-05 0.999999 -0.00155776 1.21107e-05 -0.00300407 0.00155779 0.999994 -0.00300407 
0.999991 9.20949e-05 0.00414382 0.999991 -7.94831e-05 0.999995 -0.00304357 -7.94831e-05 -0.00414408 0.00304322 0.999987 -0.00414408 
0.999983 0.0029931 0.00506616 0.999983 -0.00297724 0.999991 -0.00313458 -0.00297724 -0.0050755 0.00311944 0.999982 -0.0050755 
0.999978 0.000191407 0.0066895 0.999978 -0.000182761 0.999999 -0.00129301 -0.000182761 -0.00668974 0.00129176 0.999977 -0.00668974 
0.999969 0.00283911 0.00737736 0.999969 -0.00283641 0.999996 -0.000376426 -0.00283641 -0.0073784 0.000355489 0.999973 -0.0073784 
0.999953 -0.00234191 0.00943682 0.999953 0.00233468 0.999997 0.000777631 0.00233468 -0.00943862 -0.000755562 0.999955 -0.00943862 
0.999972 -0.000577735 0.00740068 0.999972 0.000578189 1 -5.9229e-05 0.000578189 -0.00740064 6.35063e-05 0.999973 -0.00740064 
0.999945 -0.000759465 0.0104737 0.999945 0.000784638 0.999997 -0.00239949 0.000784638 -0.0104718 0.00240757 0.999942 -0.0104718 
0.999977 0.00109647 0.00662658 0.999977 -0.00107531 0.999994 -0.00319561 -0.00107531 -0.00663004 0.00318841 0.999973 -0.00663004 
0.99995 0.00115087 0.00990253 0.99995 -0.00114335 0.999999 -0.00076519 -0.00114335 -0.0099034 0.00075383 0.999951 -0.0099034 
0.999918 0.0026949 0.0125321 0.999918 -0.00272347 0.999994 0.00226317 -0.00272347 -0.0125259 -0.00229711 0.999919 -0.0125259 
0.999974 0.00334309 0.00640447 0.999974 -0.00334729 0.999994 0.000644169 -0.00334729 -0.00640228 -0.00066559 0.999979 -0.00640228 
0.999936 -0.000791959 0.0113205 0.999936 0.000785463 1 0.000578206 0.000785463 -0.011321 -0.000569277 0.999936 -0.011321 
0.999917 0.00106612 0.0128733 0.999917 -0.00105504 0.999999 -0.000867511 -0.00105504 -0.0128743 0.000853857 0.999917 -0.0128743 
0.999923 -0.000708567 0.0123826 0.999923 0.000734804 0.999997 -0.00211437 0.000734804 -0.0123811 0.0021233 0.999921 -0.0123811 
0.999914 -0.00145627 0.0130072 0.999914 0.00147976 0.999997 -0.00179665 0.00147976 -0.0130045 0.00181574 0.999914 -0.0130045 
0.999929 0.00099488 0.0118548 0.999929 -0.000984861 0.999999 -0.000850913 -0.000984861 -0.0118557 0.000839177 0.999929 -0.0118557 
0.999906 0.000826942 0.0137048 0.999906 -0.000805502 0.999998 -0.00156986 -0.000805502 -0.013706 0.00155867 0.999905 -0.013706 
0.999961 0.00075244 0.00874691 0.999961 -0.000721722 0.999994 -0.00351443 -0.000721722 -0.0087495 0.00350798 0.999956 -0.0087495 
0.999932 0.00134633 0.0115499 0.999932 -0.00128135 0.999983 -0.00563179 -0.00128135 -0.0115573 0.00561661 0.999917 -0.0115573 
0.999929 0.00157654 0.0118087 0.999929 -0.00154001 0.999994 -0.00310149 -0.00154001 -0.0118135 0.00308309 0.999925 -0.0118135 
0.999906 0.00432722 0.0129983 0.999906 -0.00433393 0.99999 0.000487651 -0.00433393 -0.0129961 -0.000543939 0.999915 -0.0129961 
0.999895 0.00233797 0.0143342 0.999895 -0.00233383 0.999997 -0.000305009 -0.00233383 -0.0143349 0.000271523 0.999897 -0.0143349 
0.999908 0.00097204 0.013511 0.999908 -0.00093732 0.999996 -0.00257585 -0.00093732 -0.0135134 0.00256295 0.999905 -0.0135134 
0.999903 0.00122403 0.0138669 0.999903 -0.00118814 0.999996 -0.00259597 -0.00118814 -0.01387 0.00257925 0.9999 -0.01387 
0.999899 0.00156226 0.0141105 0.999899 -0.00152519 0.999995 -0.00263766 -0.00152519 -0.0141146 0.00261587 0.999897 -0.0141146 
0.999893 -0.000741935 0.0146181 0.999893 0.000752254 0.999999 -0.000700441 0.000752254 -0.0146175 0.000711363 0.999893 -0.0146175 
0.999897 0.00332096 0.0139548 0.999897 -0.00328629 0.999991 -0.002507 -0.00328629 -0.013963 0.00246089 0.999899 -0.013963 
0.99991 -0.00183368 0.0133265 0.99991 0.00183799 0.999998 -0.000311191 0.00183799 -0.0133259 0.000335656 0.999911 -0.0133259 
0.999917 0.000630109 0.0128502 0.999917 -0.000611957 0.999999 -0.00141641 -0.000611957 -0.0128511 0.00140843 0.999916 -0.0128511 
0.999948 -0.00257423 0.00991049 0.999948 0.00259699 0.999994 -0.00228434 0.00259699 -0.00990455 0.00230995 0.999948 -0.00990455 
0.999943 -0.00269977 0.010317 0.999943 0.00271409 0.999995 -0.00137487 0.00271409 -0.0103132 0.00140279 0.999946 -0.0103132 
0.999954 -0.00160253 0.00950602 0.999954 0.00159493 0.999998 0.00080754 0.00159493 -0.0095073 -0.000792341 0.999954 -0.0095073 
0.999944 -0.00124017 0.010474 0.999944 0.00122979 0.999999 0.000997416 0.00122979 -0.0104752 -0.000984479 0.999945 -0.0104752 
0.999954 -0.00262368 0.0092699 0.999954 0.00264587 0.999994 -0.0023825 0.00264587 -0.00926359 0.00240692 0.999954 -0.00926359 
0.999982 -0.00405088 0.00449813 0.999982 0.00407418 0.999978 -0.00518229 0.00407418 -0.00447704 0.00520053 0.999976 -0.00447704 
0.99996 -0.00452383 0.0077147 0.99996 0.0045329 0.999989 -0.00115792 0.0045329 -0.00770938 0.00119285 0.99997 -0.00770938 
0.999958 -0.00431136 0.00813133 0.999958 0.00431459 0.999991 -0.000379939 0.00431459 -0.00812962 0.000415006 0.999967 -0.00812962 
0.999978 -0.00143003 0.00645734 0.999978 0.0014492 0.999995 -0.00296531 0.0014492 -0.00645306 0.0029746 0.999975 -0.00645306 
0.999985 -0.00363418 0.0040988 0.999985 0.00363869 0.999993 -0.00109287 0.00363869 -0.0040948 0.00110777 0.999991 -0.0040948 
0.999988 -0.00269821 0.00412432 0.999988 0.00268197 0.999989 0.0039377 0.00268197 -0.00413489 -0.00392659 0.999984 -0.00413489 
0.999993 -0.00322213 0.00181765 0.999993 0.00321077 0.999975 0.00622068 0.00321077 -0.00183765 -0.0062148 0.999979 -0.00183765 
0.999995 -0.00250137 0.00201826 0.999995 0.00249342 0.999989 0.00392921 0.00249342 -0.00202806 -0.00392416 0.99999 -0.00202806 
0.999973 -0.0017149 0.00713235 0.999973 0.00172675 0.999997 -0.00165491 0.00172675 -0.00712949 0.00166719 0.999973 -0.00712949 
0.999999 -0.00141651 0.000288677 0.999999 0.00141672 0.999999 -0.000717975 0.00141672 -0.00028766 0.000718383 1 -0.00028766 
0.999997 -0.00105446 0.00207898 0.999997 0.00105817 0.999998 -0.00178033 0.00105817 -0.0020771 0.00178253 0.999996 -0.0020771 
0.999999 0.00138234 0.000252917 0.999999 -0.00138252 0.999999 0.000681443 -0.00138252 -0.000251974 -0.000681792 1 -0.000251974 
0.999991 0.00119823 -0.00415058 0.999991 -0.00119656 0.999999 0.000405513 -0.00119656 0.00415106 -0.000400543 0.999991 0.00415106 
0.999987 0.00143676 0.00494142 0.999987 -0.00144702 0.999997 0.00207475 -0.00144702 -0.00493843 -0.00208188 0.999986 -0.00493843 
0.999995 0.00236999 0.00184077 0.999995 -0.00237135 0.999997 0.000737647 -0.00237135 -0.00183902 -0.000742009 0.999998 -0.00183902 
0.999981 0.00439954 0.00438866 0.999981 -0.00439816 0.99999 -0.000322575 -0.00439816 -0.00439004 0.000303267 0.99999 -0.00439004 
0.999987 -0.0018989 0.00476528 0.999987 0.00190119 0.999998 -0.000476172 0.00190119 -0.00476437 0.000485226 0.999989 -0.00476437 
0.999965 0.00289926 0.0077956 0.999965 -0.00290081 0.999996 0.000187565 -0.00290081 -0.00779502 -0.000210172 0.99997 -0.00779502 
0.999958 0.00124624 0.00908692 0.999958 -0.00125115 0.999999 0.000533721 -0.00125115 -0.00908625 -0.000545067 0.999959 -0.00908625 
0.999946 0.00032755 0.0103525 0.999946 -0.000326441 1 -0.000108802 -0.000326441 -0.0103525 0.000105417 0.999946 -0.0103525 
0.999907 -0.00122498 0.013552 0.999907 0.00123915 0.999999 -0.00103758 0.00123915 -0.0135507 0.00105428 0.999908 -0.0135507 
0.999844 -0.000996139 0.0176458 0.999844 0.000970052 0.999998 0.00148688 0.000970052 -0.0176472 -0.00146953 0.999843 -0.0176472 
0.999883 -0.00197409 0.0151396 0.999883 0.00195333 0.999997 0.00138611 0.00195333 -0.0151423 -0.00135637 0.999884 -0.0151423 
0.999928 -0.00267623 0.0117067 0.999928 0.00270523 0.999993 -0.00246198 0.00270523 -0.0117 0.00249347 0.999928 -0.0117 
0.999939 -0.000195662 0.0110848 0.999939 0.000213736 0.999999 -0.00162932 0.000213736 -0.0110845 0.00163159 0.999937 -0.0110845 
0.999858 -0.00350849 0.0164693 0.999858 0.00354735 0.999991 -0.00233085 0.00354735 -0.016461 0.00238894 0.999862 -0.016461 
0.999911 -6.33393e-07 0.01333 0.999911 -3.15316e-06 1 0.000284041 -3.15316e-06 -0.01333 -0.000284057 0.999911 -0.01333 
0.999865 -0.00237002 0.0162483 0.999865 0.00239272 0.999996 -0.00137737 0.00239272 -0.016245 0.00141607 0.999867 -0.016245 
0.999923 -0.00349715 0.0119298 0.999923 0.00348338 0.999993 0.00117475 0.00348338 -0.0119338 -0.0011331 0.999928 -0.0119338 
0.999838 -0.00450963 0.0173971 0.999838 0.00448212 0.999989 0.0016201 0.00448212 -0.0174042 -0.00154186 0.999847 -0.0174042 
0.999883 -0.00639469 0.0139306 0.999883 0.00637148 0.999978 0.00170968 0.00637148 -0.0139412 -0.00162072 0.999902 -0.0139412 
0.999903 -0.00593502 0.0125903 0.999903 0.00594019 0.999982 -0.000373523 0.00594019 -0.0125879 0.000448276 0.999921 -0.0125879 
0.99997 -0.00302531 0.00706485 0.99997 0.00302379 0.999995 0.000225901 0.00302379 -0.0070655 -0.000204532 0.999975 -0.0070655 
0.999974 -0.00122295 0.00714613 0.999974 0.0012189 0.999999 0.000570522 0.0012189 -0.00714682 -0.000561797 0.999974 -0.00714682 
0.999987 0.00142446 0.00485617 0.999987 -0.00142825 0.999999 0.000778262 -0.00142825 -0.00485506 -0.000785188 0.999988 -0.00485506 
0.999985 0.0011373 0.00530526 0.999985 -0.00114269 0.999999 0.00101153 -0.00114269 -0.0053041 -0.00101758 0.999985 -0.0053041 
0.999984 0.00212969 0.00519792 0.999984 -0.00213188 0.999998 0.000416801 -0.00213188 -0.00519702 -0.000427876 0.999986 -0.00519702 
0.999983 0.00242416 0.00524875 0.999983 -0.00241698 0.999996 -0.00137263 -0.00241698 -0.00525206 0.00135992 0.999985 -0.00525206 
0.999989 0.000113103 0.00465237 0.999989 -0.000121107 0.999999 0.00172012 -0.000121107 -0.00465217 -0.00172067 0.999988 -0.00465217 
0.999984 -0.000863781 0.00566993 0.999984 0.000853186 0.999998 0.00187082 0.000853186 -0.00567153 -0.00186595 0.999982 -0.00567153 
0.999985 -0.00113343 0.0054473 0.999985 0.00113503 0.999999 -0.000291521 0.00113503 -0.00544697 0.000297699 0.999985 -0.00544697 
0.99998 -0.00102886 0.00625715 0.99998 0.00103642 0.999999 -0.00120556 0.00103642 -0.0062559 0.00121202 0.99998 -0.0062559 
0.999961 -0.000949085 0.00881619 0.999961 0.000985072 0.999991 -0.00407849 0.000985072 -0.00881224 0.00408702 0.999953 -0.00881224 
0.999977 0.00148339 0.00655913 0.999977 -0.00146699 0.999996 -0.00250405 -0.00146699 -0.00656282 0.00249437 0.999975 -0.00656282 
0.999997 -0.00161302 0.00184074 0.999997 0.00161111 0.999998 0.00103802 0.00161111 -0.00184241 -0.00103505 0.999998 -0.00184241 
0.99998 0.00270851 0.00574228 0.99998 -0.00272927 0.99999 0.00360969 -0.00272927 -0.00573244 -0.00362529 0.999977 -0.00573244 
0.999983 0.00151102 0.00568363 0.999983 -0.00152235 0.999997 0.00198992 -0.00152235 -0.00568061 -0.00199854 0.999982 -0.00568061 
0.999988 0.00277403 0.00410115 0.999988 -0.00277532 0.999996 0.000307501 -0.00277532 -0.00410028 -0.00031888 0.999992 -0.00410028 
0.999995 -0.00322977 0.000144458 0.999995 0.00322993 0.999994 -0.00117376 0.00322993 -0.000140666 0.00117422 0.999999 -0.000140666 
0.999977 -0.0044288 -0.00510004 0.999977 0.00441744 0.999988 -0.00223712 0.00441744 0.00510988 0.00221454 0.999984 0.00510988 
0.99992 -0.00677326 -0.0106535 0.99992 0.00678484 0.999976 0.00105113 0.00678484 0.0106461 -0.00112333 0.999943 0.0106461 
0.999951 -0.00187959 -0.00967826 0.999951 0.0018819 0.999998 0.000229915 0.0018819 0.00967781 -0.000248117 0.999953 0.00967781 
0.999973 -0.00509098 0.00523943 0.999973 0.00509707 0.999986 -0.0011502 0.00509707 -0.0052335 0.00117687 0.999986 -0.0052335 
0.999907 0.00339165 -0.0132275 0.999907 -0.00340003 0.999994 -0.000610936 -0.00340003 0.0132253 0.000655853 0.999912 0.0132253 
0.999946 0.00584733 -0.00861053 0.999946 -0.00585902 0.999982 -0.00133263 -0.00585902 0.00860258 0.001383 0.999962 0.00860258 
0.999963 0.00345415 -0.00785414 0.999963 -0.00346152 0.999994 -0.000924496 -0.00346152 0.0078509 0.00095165 0.999969 0.0078509 
0.999987 0.00210131 -0.00466189 0.999987 -0.0020942 0.999997 0.00152887 -0.0020942 0.00466508 -0.00151909 0.999988 0.00466508 
0.999993 0.00366266 -0.000769282 0.999993 -0.00366292 0.999993 -0.000334514 -0.00366292 0.000768051 0.00033733 1 0.000768051 
0.987777 -0.00427967 0.155813 0.987777 -0.000189575 0.999589 0.0286573 -0.000189575 -0.155872 -0.0283365 0.987371 -0.155872 
0.99998 -0.000215774 0.00631174 0.99998 0.0002064 0.999999 0.00148585 0.0002064 -0.00631205 -0.00148451 0.999979 -0.00631205 
0.999936 0.00530269 0.0100246 0.999936 -0.00531135 0.999986 0.000837798 -0.00531135 -0.01002 -0.000890988 0.999949 -0.01002 
0.999949 0.00216994 0.00987945 0.999949 -0.00218444 0.999997 0.00145684 -0.00218444 -0.00987626 -0.00147835 0.99995 -0.00987626 
0.999875 0.00325985 0.015461 0.999875 -0.00325912 0.999995 -7.23218e-05 -0.00325912 -0.0154612 2.19235e-05 0.99988 -0.0154612 
0.999838 0.00358861 0.0176274 0.999838 -0.00358901 0.999994 -8.86324e-06 -0.00358901 -0.0176273 -5.4403e-05 0.999845 -0.0176273 
0.99983 0.00290162 0.0182076 0.99983 -0.00291297 0.999996 0.000597095 -0.00291297 -0.0182058 -0.000650032 0.999834 -0.0182058 
0.999764 0.00314327 0.0215106 0.999764 -0.00316682 0.999994 0.00106109 -0.00316682 -0.0215072 -0.00112896 0.999768 -0.0215072 
0.999752 0.000421362 0.0222453 0.999752 -0.000451284 0.999999 0.00134011 -0.000451284 -0.0222447 -0.00134982 0.999752 -0.0222447 
0.999697 0.000667188 0.0245998 0.999697 -0.00068202 1 0.000594539 -0.00068202 -0.0245994 -0.000611137 0.999697 -0.0245994 
0.99963 0.0021141 0.0271067 0.99963 -0.00216548 0.999996 0.00186644 -0.00216548 -0.0271026 -0.00192445 0.999631 -0.0271026 
0.99957 -0.00184385 0.0292606 0.99957 0.00171388 0.999989 0.0044665 0.00171388 -0.0292685 -0.00441443 0.999562 -0.0292685 
0.999557 -0.00273898 0.0296208 0.999557 0.00269929 0.999995 0.00137987 0.00269929 -0.0296244 -0.0012993 0.99956 -0.0296244 
0.999468 0.000744484 0.0326197 0.999468 -0.000770087 0.999999 0.000772328 -0.000770087 -0.0326191 -0.000797036 0.999468 -0.0326191 
0.999375 0.00210214 0.0352864 0.999375 -0.00205887 0.999997 -0.00126257 -0.00205887 -0.0352889 0.00118913 0.999376 -0.0352889 
0.999532 -0.002028 0.0305189 0.999532 0.00197223 0.999996 0.00185709 0.00197223 -0.0305226 -0.00179603 0.999532 -0.0305226 
0.999531 -0.000359887 0.0306072 0.999531 0.000309899 0.999999 0.00163793 0.000309899 -0.0306077 -0.00162768 0.99953 -0.0306077 
0.999584 -0.00177052 0.0287979 0.999584 0.0017251 0.999997 0.00160183 0.0017251 -0.0288006 -0.00155149 0.999584 -0.0288006 
0.999674 -0.00299889 0.0253595 0.999674 0.00291552 0.99999 0.0033236 0.00291552 -0.0253693 -0.00324858 0.999673 -0.0253693 
0.999749 -0.00206533 0.0223144 0.999749 0.00203349 0.999997 0.00144924 0.00203349 -0.0223173 -0.0014035 0.99975 -0.0223173 
0.999839 -0.00511666 0.0172 0.999839 0.00517144 0.999982 -0.00314204 0.00517144 -0.0171836 0.00323048 0.999847 -0.0171836 
0.999923 -0.0059293 0.010924 0.999923 0.0059867 0.999968 -0.00522892 0.0059867 -0.0108926 0.00529391 0.999927 -0.0108926 
0.999981 -0.00260477 0.0056126 0.999981 0.00260047 0.999996 0.000772449 0.00260047 -0.00561459 -0.000757839 0.999984 -0.00561459 
0.999996 -0.0023749 0.00136494 0.999996 0.00236514 0.999972 0.00710934 0.00236514 -0.00138178 -0.00710609 0.999974 -0.00138178 
0.999998 -0.00176253 0.000577925 0.999998 0.00175963 0.999986 0.00496835 0.00175963 -0.000586674 -0.00496732 0.999987 -0.000586674 
0.999996 -0.00193202 -0.00182944 0.999996 0.00193557 0.999996 0.00194098 0.00193557 0.00182568 -0.00194451 0.999996 0.00182568 
0.999991 -0.00022462 -0.00430394 0.999991 0.00022436 1 -6.10337e-05 0.00022436 0.00430395 6.00675e-05 0.999991 0.00430395 
1 3.00882e-05 -0.000814922 1 -3.10619e-05 0.999999 -0.00119482 -3.10619e-05 0.000814885 0.00119484 0.999999 0.000814885 
0.999995 -0.000441278 -0.00299052 0.999995 0.00044944 0.999996 0.0027293 0.00044944 0.0029893 -0.00273063 0.999992 0.0029893 
0.999997 0.000630067 -0.00243137 0.999997 -0.000618626 0.999989 0.00470368 -0.000618626 0.00243431 -0.00470216 0.999986 0.00243431 
0.999992 0.00146582 -0.00359798 0.999992 -0.00144809 0.999987 0.00492604 -0.00144809 0.00360516 -0.00492079 0.999981 0.00360516 
0.999997 -0.000129623 -0.00255757 0.999997 0.000134264 0.999998 0.00181427 0.000134264 0.00255733 -0.00181461 0.999995 0.00255733 
0.999997 -0.0003139 -0.00224358 0.999997 0.000311149 0.999999 -0.00122628 0.000311149 0.00224396 0.00122558 0.999997 0.00224396 
0.99999 -0.00395214 -0.00217578 0.99999 0.00394783 0.99999 -0.00198059 0.00394783 0.00218359 0.00197198 0.999996 0.00218359 
0.999999 -0.00112404 -0.000736283 0.999999 0.00112332 0.999999 -0.000971639 0.00112332 0.000737374 0.000970811 0.999999 0.000737374 
0.999995 -0.00151814 -0.00286348 0.999995 0.00151848 0.999999 0.00011769 0.00151848 0.0028633 -0.000122037 0.999996 0.0028633 
0.999998 -0.00200882 0.00088163 0.999998 0.00200802 0.999998 0.000904532 0.00200802 -0.000883445 -0.00090276 0.999999 -0.000883445 
0.999999 -0.000520544 0.000968572 0.999999 0.000520242 1 0.000312103 0.000520242 -0.000968735 -0.000311599 0.999999 -0.000968735 
0.999946 -0.00156283 0.0102308 0.999946 0.00155348 0.999998 0.000921934 0.00155348 -0.0102322 -0.000905991 0.999947 -0.0102322 
0.999997 0.000186848 -0.00246594 0.999997 -0.000178715 0.999995 0.00329822 -0.000178715 0.00246654 -0.00329777 0.999992 0.00246654 
0.999993 0.00217872 0.00316976 0.999993 -0.00218503 0.999996 0.00198837 -0.00218503 -0.00316542 -0.00199528 0.999993 -0.00316542 
0.999972 -0.00750462 -0.000428724 0.999972 0.00750523 0.999971 0.00145212 0.00750523 0.000417814 -0.00145529 0.999999 0.000417814 
0.999945 0.00378873 0.00978179 0.999945 -0.00377187 0.999991 -0.00174165 -0.00377187 -0.00978831 0.00170466 0.999951 -0.00978831 
0.999963 0.00344574 0.00789729 0.999963 -0.00343797 0.999994 -0.000997917 -0.00343797 -0.00790068 0.000970729 0.999968 -0.00790068 
0.999933 0.00446407 0.0106931 0.999933 -0.00448039 0.999989 0.00150344 -0.00448039 -0.0106863 -0.00155125 0.999942 -0.0106863 
0.999893 0.00199174 0.0144666 0.999893 -0.00202166 0.999996 0.00205413 -0.00202166 -0.0144625 -0.00208315 0.999893 -0.0144625 
0.999958 0.00227008 0.00884063 0.999958 -0.00227691 0.999997 0.000761853 -0.00227691 -0.00883888 -0.000781951 0.999961 -0.00883888 
0.99995 0.000939154 0.00991784 0.99995 -0.000942314 1 0.000313871 -0.000942314 -0.00991754 -0.000323201 0.999951 -0.00991754 
0.99983 -0.00263321 -0.0182669 0.99983 0.00258983 0.999994 -0.00239804 0.00258983 0.0182731 0.00235033 0.99983 0.0182731 
0.999938 0.00182286 0.0109929 0.999938 -0.00182771 0.999998 0.000431523 -0.00182771 -0.0109921 -0.000451588 0.999939 -0.0109921 
0.999957 0.00139271 0.00918235 0.999957 -0.0014005 0.999999 0.000841573 -0.0014005 -0.00918116 -0.000854397 0.999957 -0.00918116 
0.999964 -0.000854569 0.00849416 0.999964 0.000837588 0.999998 0.00200245 0.000837588 -0.00849585 -0.00199526 0.999962 -0.00849585 
0.999988 0.00110077 0.00479197 0.999988 -0.00110372 0.999999 0.000613738 -0.00110372 -0.00479129 -0.00061902 0.999988 -0.00479129 
0.999976 -9.24984e-05 0.00688666 0.999976 8.83914e-05 1 0.000596677 8.83914e-05 -0.00688671 -0.000596054 0.999976 -0.00688671 
0.999962 8.10791e-06 0.00866991 0.999962 -8.74255e-06 1 7.31622e-05 -8.74255e-06 -0.00866991 -7.32353e-05 0.999962 -0.00866991 
0.999979 0.00199179 0.00623109 0.999979 -0.00199802 0.999998 0.000994062 -0.00199802 -0.00622909 -0.00100649 0.99998 -0.00622909 
0.999974 0.00318216 0.00646836 0.999974 -0.00319207 0.999994 0.00152164 -0.00319207 -0.00646348 -0.00154225 0.999978 -0.00646348 
0.999963 0.00529585 0.00671723 0.999963 -0.00532639 0.999976 0.00453731 -0.00532639 -0.00669304 -0.00457292 0.999967 -0.00669304 
0.999964 0.00530073 0.00659729 0.999964 -0.00532862 0.999977 0.00421732 -0.00532862 -0.00657479 -0.00425232 0.999969 -0.00657479 
0.999969 0.0037159 0.00693352 0.999969 -0.00372341 0.999992 0.00107144 -0.00372341 -0.00692949 -0.00109722 0.999975 -0.00692949 
0.999988 0.00132784 0.0047984 0.999988 -0.0013108 0.999993 -0.00355214 -0.0013108 -0.00480308 0.00354581 0.999982 -0.00480308 
0.999986 0.00150057 0.00504251 0.999986 -0.00149752 0.999999 -0.000608585 -0.00149752 -0.00504342 0.000601026 0.999987 -0.00504342 
0.999985 -0.00056918 0.00541709 0.999985 0.000573971 0.999999 -0.000882971 0.000573971 -0.00541659 0.000886067 0.999985 -0.00541659 
0.999993 -0.0022776 0.00295671 0.999993 0.00227914 0.999997 -0.000517505 0.00227914 -0.00295553 0.00052424 0.999995 -0.00295553 
0.999996 0.00129131 0.00265325 0.999996 -0.00128634 0.999997 -0.00187583 -0.00128634 -0.00265567 0.00187241 0.999995 -0.00265567 
0.999993 0.00262077 0.00278482 0.999993 -0.00260913 0.999988 -0.00417734 -0.00260913 -0.00279573 0.00417004 0.999987 -0.00279573 
0.99998 0.00582555 0.00242135 0.99998 -0.00581925 0.99998 -0.00260125 -0.00581925 -0.00243645 0.00258711 0.999994 -0.00243645 
0.999989 0.00474171 -3.05299e-05 0.999989 -0.0047417 0.999989 0.000234301 -0.0047417 3.16406e-05 -0.000234153 1 3.16406e-05 
0.999986 0.00526115 -0.000994986 0.999986 -0.0052614 0.999986 -0.000247568 -0.0052614 0.000993669 0.000252799 0.999999 0.000993669 
0.999996 0.00257393 0.000833798 0.999996 -0.00257508 0.999996 0.00138092 -0.00257508 -0.00083024 -0.00138307 0.999999 -0.00083024 
0.999999 0.000744415 0.00146304 0.999999 -0.000746071 0.999999 0.00113214 -0.000746071 -0.0014622 -0.00113323 0.999998 -0.0014622 
0.999989 0.00102404 0.00457276 0.999989 -0.00103084 0.999998 0.00148541 -0.00103084 -0.00457123 -0.00149011 0.999988 -0.00457123 
0.999993 0.00318085 0.00205887 0.999993 -0.00317841 0.999994 -0.00118831 -0.00317841 -0.00206263 0.00118176 0.999997 -0.00206263 
0.999999 -0.000953599 0.00133674 0.999999 0.000954967 0.999999 -0.00102313 0.000954967 -0.00133576 0.00102441 0.999999 -0.00133576 
0.999994 -0.0032099 0.0011831 0.999994 0.00321291 0.999992 -0.00255673 0.00321291 -0.00117488 0.00256052 0.999996 -0.00117488 
0.999999 -0.0010299 0.000564585 0.999999 0.00103131 0.999996 -0.00251101 0.00103131 -0.000561997 0.0025116 0.999997 -0.000561997 
0.999997 -0.00221092 0.00111907 0.999997 0.00221329 0.999995 -0.00212303 0.00221329 -0.00111437 0.0021255 0.999997 -0.00111437 
0.999998 -0.00138074 -0.00135037 0.999998 0.0013789 0.999998 -0.00136326 0.0013789 0.00135225 0.0013614 0.999998 0.00135225 
0.999996 -0.00181061 -0.00235894 0.999996 0.00180824 0.999998 -0.00100639 0.00180824 0.00236076 0.00100212 0.999997 0.00236076 
0.999999 -0.00139717 -0.000758006 0.999999 0.00139556 0.999997 -0.00212014 0.00139556 0.000760966 0.00211908 0.999997 0.000760966 
0.999999 9.78181e-05 -0.00158411 0.999999 -0.000101683 0.999997 -0.00244017 -0.000101683 0.00158386 0.00244033 0.999996 0.00158386 
0.999998 -0.00183237 -0.00116422 0.999998 0.00182994 0.999996 -0.00208282 0.00182994 0.00116803 0.00208069 0.999997 0.00116803 
0.999997 -0.00172452 -0.0016736 0.999997 0.00172052 0.999996 -0.00238905 0.00172052 0.00167772 0.00238617 0.999996 0.00167772 
0.999995 -0.00245159 -0.00184456 0.999995 0.00244838 0.999995 -0.00174151 0.00244838 0.00184882 0.00173698 0.999997 0.00184882 
0.999998 0.000261937 -0.0017712 0.999998 -0.000261569 1 0.000207992 -0.000261569 0.00177125 -0.000207528 0.999998 0.00177125 
1 -0.000636805 -0.000762269 1 0.000637385 1 0.000760936 0.000637385 0.000761784 -0.000761422 0.999999 0.000761784 
0.999996 0.00107938 -0.00243123 0.999996 -0.00108628 0.999995 -0.00284014 -0.00108628 0.00242815 0.00284277 0.999993 0.00242815 
0.999997 0.00244331 -0.000992398 0.999997 -0.00244628 0.999992 -0.00300795 -0.00244628 0.000985041 0.00301037 0.999995 0.000985041 
0.999995 0.00304281 -0.000748584 0.999995 -0.00304506 0.999991 -0.00301703 -0.00304506 0.000739397 0.00301929 0.999995 0.000739397 
0.999999 0.00111569 -6.83115e-05 0.999999 -0.00111579 0.999998 -0.00152225 -0.00111579 6.66131e-05 0.00152232 0.999999 6.66131e-05 
1 0.000902073 0.000292303 1 -0.000901914 0.999999 -0.000543116 -0.000901914 -0.000292793 0.000542852 1 -0.000292793 
0.999981 0.00622476 3.60258e-05 0.999981 -0.0062248 0.99998 0.000996978 -0.0062248 -2.98191e-05 -0.000997183 1 -2.98191e-05 
0.999998 0.00210706 -0.000388522 0.999998 -0.00210703 0.999998 8.49955e-05 -0.00210703 0.0003887 -8.41767e-05 1 0.0003887 
0.999982 0.00599222 0.000376225 0.999982 -0.00599194 0.999982 -0.000721094 -0.00599194 -0.000380539 0.000718826 1 -0.000380539 
0.999999 0.00113283 -0.000709031 0.999999 -0.00113162 0.999998 0.00170217 -0.00113162 0.000710958 -0.00170137 0.999998 0.000710958 
1 -0.000323444 -0.000118963 1 0.000323314 0.999999 -0.00109832 0.000323314 0.000119318 0.00109828 0.999999 0.000119318 
0.999995 0.00317444 0.000485225 0.999995 -0.0031735 0.999993 -0.0019153 -0.0031735 -0.000491301 0.00191375 0.999998 -0.000491301 
1 0.0005193 0.00069035 1 -0.000516722 0.999993 -0.00372899 -0.000516722 -0.000692281 0.00372863 0.999993 -0.000692281 
1 0.000451968 0.000157527 1 -0.000452007 1 0.000245369 -0.000452007 -0.000157416 -0.00024544 1 -0.000157416 
0.999998 -0.00208836 -8.29753e-05 0.999998 0.00208832 0.999998 -0.000499898 0.00208832 8.40191e-05 0.000499723 1 8.40191e-05 
0.999993 0.00353968 0.00081309 0.999993 -0.00354017 0.999994 0.000602083 -0.00354017 -0.000810954 -0.000604957 0.999999 -0.000810954 
0.999999 0.000365848 -0.00159704 0.999999 -0.000369084 0.999998 -0.0020261 -0.000369084 0.0015963 0.00202668 0.999997 0.0015963 
0.999999 0.00107306 0.00092856 0.999999 -0.0010725 0.999999 -0.000605426 -0.0010725 -0.000929209 0.00060443 0.999999 -0.000929209 
0.999999 0.00142224 0.000390181 0.999999 -0.00142162 0.999998 -0.00157677 -0.00142162 -0.000392423 0.00157621 0.999999 -0.000392423 
1 0.000569486 0.000667771 1 -0.000569575 1 0.000133305 -0.000569575 -0.000667695 -0.000133686 1 -0.000667695 
0.999994 -0.00328849 0.000808023 0.999994 0.00328822 0.999995 0.000334459 0.00328822 -0.000809118 -0.0003318 1 -0.000809118 
0.999999 -0.00114536 0.000372634 0.999999 0.00114565 0.999999 -0.000770791 0.00114565 -0.000371751 0.000771218 1 -0.000371751 
0.999999 -0.00132363 0.000272749 0.999999 0.00132423 0.999997 -0.00222231 0.00132423 -0.000269806 0.00222267 0.999997 -0.000269806 
1 -0.00071145 -0.000355491 1 0.000710974 0.999999 -0.0013368 0.000710974 0.000356442 0.00133655 0.999999 0.000356442 
1 -0.000367815 6.94226e-05 1 0.00036795 0.999998 -0.00195964 0.00036795 -6.87017e-05 0.00195967 0.999998 -6.87017e-05 
1 6.45841e-05 0.00096471 1 -6.22103e-05 0.999997 -0.00246046 -6.22103e-05 -0.000964866 0.0024604 0.999997 -0.000964866 
1 -0.00041009 0.000521747 1 0.000412195 0.999992 -0.0040419 0.000412195 -0.000520085 0.00404212 0.999992 -0.000520085 
0.999996 0.0021178 0.00196767 0.999996 -0.00210893 0.999988 -0.0044996 -0.00210893 -0.00197718 0.00449543 0.999988 -0.00197718 
0.999999 -0.00046246 0.000920568 0.999999 0.000465686 0.999994 -0.00350775 0.000465686 -0.00091894 0.00350818 0.999993 -0.00091894 
0.999997 0.00139197 0.00177913 0.999997 -0.00138813 0.999997 -0.00216152 -0.00138813 -0.00178213 0.00215904 0.999996 -0.00178213 
0.999998 0.00158569 0.00123513 0.999998 -0.00158289 0.999996 -0.0022633 -0.00158289 -0.00123871 0.00226134 0.999997 -0.00123871 
0.999993 0.00309122 0.00232753 0.999993 -0.00308862 0.999995 -0.00112142 -0.00308862 -0.00233098 0.00111423 0.999997 -0.00233098 
0.999998 0.000417117 0.00183351 0.999998 -0.000415354 0.999999 -0.000961798 -0.000415354 -0.00183391 0.000961035 0.999998 -0.00183391 
0.999996 0.00203947 0.00171973 0.999996 -0.00204003 0.999998 0.000326672 -0.00204003 -0.00171906 -0.000330179 0.999998 -0.00171906 
0.999999 0.00142124 0.000115152 0.999999 -0.00142114 0.999999 -0.000890929 -0.00142114 -0.000116419 0.000890765 1 -0.000116419 
0.999999 3.69751e-05 -0.00110897 0.999999 -3.62221e-05 1 0.000678994 -3.62221e-05 0.001109 -0.000678953 0.999999 0.001109 
0.999999 0.00141117 -0.000459941 0.999999 -0.00141136 0.999999 -0.000422788 -0.00141136 0.000459344 0.000423436 1 0.000459344 
0.999989 0.0045923 -0.00135751 0.999989 -0.00459156 0.999989 0.000550036 -0.00459156 0.00136002 -0.000543796 0.999999 0.00136002 
0.999997 0.00240401 -0.000685748 0.999997 -0.00240501 0.999996 -0.00146493 -0.00240501 0.000682223 0.00146658 0.999999 0.000682223 
1 -0.000300779 -0.000865144 1 0.000299829 0.999999 -0.00109842 0.000299829 0.000865474 0.00109816 0.999999 0.000865474 
0.999984 0.00102752 -0.00555478 0.999984 -0.00102231 0.999999 0.000939259 -0.00102231 0.00555574 -0.000933566 0.999984 0.00555574 
0.999999 0.000786458 -0.000640261 0.999999 -0.0007854 0.999998 0.0016516 -0.0007854 0.000641559 -0.0016511 0.999998 0.000641559 
0.999993 0.00137891 -0.00351923 0.999993 -0.00136568 0.999992 0.00375824 -0.00136568 0.00352438 -0.00375341 0.999987 0.00352438 
0.999997 -0.00143223 -0.00197858 0.999997 0.00143256 0.999999 0.00016234 0.00143256 0.00197834 -0.000165174 0.999998 0.00197834 
0.999996 -0.000157893 -0.00297909 0.999996 0.000161484 0.999999 0.00120512 0.000161484 0.0029789 -0.00120559 0.999995 0.0029789 
1 -0.000322671 -0.000400279 1 0.000322532 1 -0.000347981 0.000322532 0.000400391 0.000347852 1 0.000400391 
0.999995 0.00126999 -0.00279766 0.999995 -0.0012708 0.999999 -0.000286511 -0.0012708 0.0027973 0.000290064 0.999996 0.0027973 
0.999999 0.000496519 -0.000996568 0.999999 -0.000496548 1 -2.84851e-05 -0.000496548 0.000996554 2.89799e-05 1 0.000996554 
0.999994 -0.00141085 -0.0032228 0.999994 0.00141262 0.999999 0.000548272 0.00141262 0.00322203 -0.000552821 0.999995 0.00322203 
0.999986 0.00244911 -0.00463292 0.999986 -0.00244141 0.999996 0.00166571 -0.00244141 0.00463698 -0.00165438 0.999988 0.00463698 
0.999968 -0.000179979 -0.00805898 0.999968 0.000192173 0.999999 0.00151232 0.000192173 0.0080587 -0.00151382 0.999966 0.0080587 
0.999927 -0.00278632 -0.0117985 0.999927 0.00277097 0.999995 -0.00131739 0.00277097 0.0118021 0.0012846 0.99993 0.0118021 
0.999927 -0.00275397 -0.0117986 0.999927 0.00270864 0.999989 -0.00385692 0.00270864 0.0118091 0.00382468 0.999923 0.0118091 
0.999892 -0.0014668 -0.0146105 0.999892 0.00137346 0.999979 -0.00639678 0.00137346 0.0146196 0.00637602 0.999873 0.0146196 
0.999847 -6.8177e-05 -0.0175153 0.999847 1.19491e-05 0.999995 -0.00321029 1.19491e-05 0.0175155 0.00320959 0.999841 0.0175155 
0.995902 0.00420739 -0.0903388 0.995902 -0.00293511 0.999895 0.0142116 -0.00293511 0.090389 -0.0138882 0.99581 0.090389 
0.999758 -0.00130856 -0.0219757 0.999758 0.00129191 0.999999 -0.000771618 0.00129191 0.0219767 0.00074304 0.999758 0.0219767 
0.999748 -0.00170866 -0.0223762 0.999748 0.00167142 0.999997 -0.00168302 0.00167142 0.022379 0.0016452 0.999748 0.022379 
0.999672 0.000718675 -0.0255998 0.999672 -0.000774378 0.999997 -0.00216609 -0.000774378 0.0255982 0.0021852 0.99967 0.0255982 
0.99964 0.000942825 -0.0268241 0.99964 -0.000942819 1 1.28785e-05 -0.000942819 0.0268241 1.24164e-05 0.99964 0.0268241 
0.997759 0.00306544 -0.0668456 0.997759 -0.00213005 0.999899 0.0140601 -0.00213005 0.0668819 -0.0138862 0.997664 0.0668819 
0.999623 0.00364965 -0.0272219 0.999623 -0.00351726 0.999982 0.00490972 -0.00351726 0.0272393 -0.00481212 0.999617 0.0272393 
0.999711 0.00145534 -0.0239763 0.999711 -0.00143357 0.999999 0.000924924 -0.00143357 0.0239776 -0.000890286 0.999712 0.0239776 
0.99964 0.00219689 -0.0267231 0.99964 -0.00220393 0.999998 -0.000233913 -0.00220393 0.0267226 0.000292725 0.999643 0.0267226 
0.999665 0.00255012 -0.0257683 0.999665 -0.0025525 0.999997 -5.93427e-05 -0.0025525 0.0257681 0.000125096 0.999668 0.0257681 
0.999664 0.0035489 -0.0256944 0.999664 -0.00358598 0.999993 -0.00139695 -0.00358598 0.0256893 0.00148862 0.999669 0.0256893 
0.999642 0.00325407 -0.0265551 0.999642 -0.00325696 0.999995 -6.55571e-05 -0.00325696 0.0265548 0.000152023 0.999647 0.0265548 
0.999677 0.00213501 -0.0253156 0.999677 -0.0021335 0.999998 8.66647e-05 -0.0021335 0.0253157 -3.26261e-05 0.99968 0.0253157 
0.999653 0.00237049 -0.026228 0.999653 -0.00236691 0.999997 0.00016718 -0.00236691 0.0262283 -0.000105043 0.999656 0.0262283 
0.999667 0.00159024 -0.0257416 0.999667 -0.00157184 0.999998 0.000734807 -0.00157184 0.0257427 -0.000694101 0.999668 0.0257427 
0.999651 0.00098323 -0.0264072 0.999651 -0.000921714 0.999997 0.00234156 -0.000921714 0.0264094 -0.0023164 0.999649 0.0264094 
0.999751 0.00284303 -0.0221446 0.999751 -0.00279034 0.999993 0.00240998 -0.00279034 0.0221513 -0.00234759 0.999752 0.0221513 
0.999753 0.00200444 -0.0221365 0.999753 -0.00195725 0.999996 0.00215335 -0.00195725 0.0221407 -0.00210949 0.999753 0.0221407 
0.999774 0.00174656 -0.0211997 0.999774 -0.00171736 0.999998 0.00139571 -0.00171736 0.0212021 -0.00135898 0.999774 0.0212021 
0.999814 0.00044011 -0.0192702 0.999814 -0.000437961 1 0.000115778 -0.000437961 0.0192702 -0.000107317 0.999814 0.0192702 
0.999828 2.6736e-05 -0.01854 0.999828 -1.58587e-06 0.999999 0.00135655 -1.58587e-06 0.01854 -0.00135628 0.999827 0.01854 
0.999828 0.00116251 -0.0185098 0.999828 -0.00113918 0.999999 0.00127046 -0.00113918 0.0185112 -0.00124916 0.999828 0.0185112 
0.999832 0.00132332 -0.0183087 0.999832 -0.00131729 0.999999 0.000341514 -0.00131729 0.0183091 -0.000317338 0.999832 0.0183091 
0.999844 9.39847e-05 -0.0176542 0.999844 -9.3004e-05 1 5.6373e-05 -9.3004e-05 0.0176542 -5.47223e-05 0.999844 0.0176542 
0.999819 0.00101448 -0.0189774 0.999819 -0.0010236 0.999999 -0.000471074 -0.0010236 0.0189769 0.000490414 0.99982 0.0189769 
0.999798 0.00250777 -0.0199523 0.999798 -0.00252651 0.999996 -0.000913743 -0.00252651 0.01995 0.000963968 0.999801 0.01995 
0.999829 0.00101943 -0.0184858 0.999829 -0.00104487 0.999999 -0.00136646 -0.00104487 0.0184844 0.00138554 0.999828 0.0184844 
0.999832 -0.000447419 -0.0183314 0.999832 0.000467844 0.999999 0.00110993 0.000467844 0.0183309 -0.00111832 0.999831 0.0183309 
0.999851 0.001117 -0.0172008 0.999851 -0.00109938 0.999999 0.00103391 -0.00109938 0.0172019 -0.00101484 0.999852 0.0172019 
0.999797 0.00127221 -0.0201192 0.999797 -0.00118685 0.99999 0.00425426 -0.00118685 0.0201244 -0.00422952 0.999789 0.0201244 
0.999807 -0.00203491 -0.0195388 0.999807 0.00208294 0.999995 0.00243804 0.00208294 0.0195338 -0.00247827 0.999806 0.0195338 
0.999806 -0.00265372 -0.0195078 0.999806 0.00271159 0.999992 0.00294079 0.00271159 0.0194998 -0.00299311 0.999805 0.0194998 
0.999703 -0.00361166 -0.0241165 0.999703 0.00360246 0.999993 -0.00042521 0.00360246 0.0241179 0.000338205 0.999709 0.0241179 
0.999761 0.00126077 -0.0218029 0.999761 -0.00130963 0.999997 -0.00222715 -0.00130963 0.0218 0.00225518 0.99976 0.0218 
0.999731 0.000622073 -0.0232028 0.999731 -0.000681159 0.999997 -0.00253869 -0.000681159 0.0232011 0.00255381 0.999728 0.0232011 
0.999703 -0.000706018 -0.0243701 0.999703 0.000670568 0.999999 -0.00146277 0.000670568 0.0243711 0.00144599 0.999702 0.0243711 
0.999664 -0.000273847 -0.0259285 0.999664 0.000241691 0.999999 -0.00124331 0.000241691 0.0259289 0.00123662 0.999663 0.0259289 
0.999568 0.000464377 -0.0293971 0.999568 -0.000497002 0.999999 -0.0011025 -0.000497002 0.0293965 0.00111663 0.999567 0.0293965 
0.999576 0.00291979 -0.0289752 0.999576 -0.00289334 0.999995 0.000954672 -0.00289334 0.0289779 -0.000870432 0.99958 0.0289779 
0.999668 0.00410592 -0.0254345 0.999668 -0.00409619 0.999992 0.000434344 -0.00409619 0.025436 -0.000330016 0.999676 0.025436 
0.999634 0.00367843 -0.0267854 0.999634 -0.00369466 0.999993 -0.000556499 -0.00369466 0.0267832 0.000655259 0.999641 0.0267832 
0.999667 0.00305192 -0.0256074 0.999667 -0.00308953 0.999994 -0.00142952 -0.00308953 0.0256029 0.00150816 0.999671 0.0256029 
0.999703 0.00287638 -0.0242065 0.999703 -0.00287723 0.999996 -4.46565e-07 -0.00287723 0.0242064 7.00943e-05 0.999707 0.0242064 
0.999789 0.000738387 -0.0205301 0.999789 -0.000693975 0.999997 0.00217029 -0.000693975 0.0205317 -0.00215558 0.999787 0.0205317 
0.999748 0.00203745 -0.0223501 0.999748 -0.00203156 0.999998 0.000286078 -0.00203156 0.0223507 -0.0002406 0.99975 0.0223507 
0.999801 0.00234479 -0.01981 0.999801 -0.00238197 0.999995 -0.00185344 -0.00238197 0.0198056 0.00190026 0.999802 0.0198056 
0.99912 0.00347756 -0.0417967 0.99912 -0.00388629 0.999945 -0.00970165 -0.00388629 0.0417607 0.00985554 0.999079 0.0417607 
